
Mon Jan 01 01:47:41 CET 2018 [ 0 0 0 0 0 0 0 0 0 0 0 0 
Mon Jan 01 01:47:41 CET 2018 [ 0 0 0 0 0 0 0 0 0 0 0 0 
Mon Jan 01 01:47:41 CET 2018 [ 1 0 0 0 0 0 0 0 0 0 0 0 
Tue Jan 02 00:03:07 CET 2018 [ 1 1 5 3 3 3 14 32 43 42 32 37 
Tue Jan 02 00:03:07 CET 2018 [ 1 1 7 7 2 4 6 46 35 66 42 32 
Tue Jan 02 00:03:07 CET 2018 [ 0 1 8 3 3 0 12 59 42 53 40 25 
Wed Jan 03 00:00:04 CET 2018 [ 37 25 87 55 35 39 105 269 313 293 288 213 
Wed Jan 03 00:00:04 CET 2018 [ 29 29 86 41 28 33 109 283 314 300 309 211 
Wed Jan 03 00:00:04 CET 2018 [ 28 19 74 47 29 31 121 259 306 238 301 209 
Thu Jan 04 00:00:01 CET 2018 [ 190 119 167 112 52 74 218 534 631 600 655 518 
Thu Jan 04 00:00:01 CET 2018 [ 180 134 175 84 56 71 229 529 626 619 674 543 
Thu Jan 04 00:00:01 CET 2018 [ 187 115 160 92 61 62 232 529 617 543 669 511 
Fri Jan 05 00:00:13 CET 2018 [ 369 252 267 162 85 118 329 799 881 794 898 666 
Fri Jan 05 00:00:13 CET 2018 [ 367 249 239 139 98 109 361 777 858 766 901 654 
Fri Jan 05 00:00:13 CET 2018 [ 366 289 279 117 90 112 347 783 911 835 898 677 
Sat Jan 06 00:00:02 CET 2018 [ 289 280 310 196 94 122 394 900 1051 930 1102 795 
Sat Jan 06 00:00:02 CET 2018 [ 296 279 292 176 99 103 381 881 1066 830 1091 814 
Sat Jan 06 00:00:02 CET 2018 [ 284 309 321 152 89 135 414 888 1071 940 1091 825 
Sun Jan 07 00:02:47 CET 2018 [ 454 405 406 253 131 155 491 1082 1181 990 1144 811 
Sun Jan 07 00:02:47 CET 2018 [ 460 417 416 195 121 160 514 1081 1222 1003 1127 851 
Sun Jan 07 00:02:47 CET 2018 [ 440 388 393 231 138 140 482 1052 1180 911 1132 832 
Mon Jan 08 00:01:54 CET 2018 [ 304 289 322 204 100 130 408 959 1144 988 1152 838 
Mon Jan 08 00:01:54 CET 2018 [ 311 286 303 184 104 106 398 950 1173 910 1136 870 
Mon Jan 08 00:01:54 CET 2018 [ 302 322 325 155 94 142 430 956 1158 1010 1122 868 
Tue Jan 09 00:00:06 CET 2018 [ 331 364 393 186 117 175 522 1250 1463 1363 1374 1219 
Tue Jan 09 00:00:06 CET 2018 [ 348 331 360 229 121 132 497 1228 1459 1207 1376 1192 
Tue Jan 09 00:00:06 CET 2018 [ 328 339 376 237 113 150 500 1211 1449 1334 1414 1185 
Wed Jan 10 00:00:55 CET 2018 [ 555 523 497 313 144 182 623 1513 1882 1702 1604 1415 
Wed Jan 10 00:00:55 CET 2018 [ 580 517 481 296 156 167 626 1570 1896 1581 1578 1405 
Wed Jan 10 00:00:55 CET 2018 [ 564 553 521 245 152 209 649 1606 1903 1734 1545 1438 
Thu Jan 11 00:00:01 CET 2018 [ 654 600 500 309 129 167 602 1525 1907 1669 1550 1503 
Thu Jan 11 00:00:01 CET 2018 [ 672 633 527 247 150 205 616 1572 1948 1688 1507 1506 
Thu Jan 11 00:00:01 CET 2018 [ 676 610 491 296 156 162 610 1549 1929 1578 1516 1521 
Fri Jan 12 00:00:42 CET 2018 [ 831 715 583 361 143 193 761 1841 2272 1959 1743 1651 
Fri Jan 12 00:00:42 CET 2018 [ 855 733 576 342 177 196 766 1847 2341 1900 1709 1684 
Fri Jan 12 00:00:42 CET 2018 [ 815 732 606 284 176 234 750 1884 2330 1966 1689 1680 
Sat Jan 13 00:00:36 CET 2018 [ 977 830 747 429 181 238 900 2126 2563 2270 1982 1810 
Sat Jan 13 00:00:36 CET 2018 [ 992 854 737 420 233 251 942 2110 2657 2238 1939 1842 
Sat Jan 13 00:00:36 CET 2018 [ 979 850 756 366 221 291 900 2159 2589 2300 1932 1828 
Sun Jan 14 00:00:56 CET 2018 [ 1086 921 886 502 218 281 993 2305 2666 2304 2042 1924 
Sun Jan 14 00:00:56 CET 2018 [ 1098 941 884 443 253 320 1014 2319 2679 2354 1990 1951 
Sun Jan 14 00:00:56 CET 2018 [ 1108 958 853 506 275 299 1043 2282 2758 2286 2000 1970 
Mon Jan 15 00:01:19 CET 2018 [ 1177 982 942 552 243 301 1044 2451 2870 2443 2090 1947 
Mon Jan 15 00:01:19 CET 2018 [ 1207 1041 914 547 303 320 1088 2426 2972 2419 2060 2011 
Mon Jan 15 00:01:19 CET 2018 [ 1187 1017 962 472 284 340 1060 2445 2853 2482 2054 1978 
Tue Jan 16 00:00:45 CET 2018 [ 1185 1007 982 570 262 316 1098 2563 2983 2537 2152 1978 
Tue Jan 16 00:00:45 CET 2018 [ 1201 1040 1022 499 298 353 1102 2526 2969 2580 2122 2011 
Tue Jan 16 00:00:45 CET 2018 [ 1222 1067 956 570 313 337 1132 2510 3058 2487 2110 2020 
Wed Jan 17 00:01:13 CET 2018 [ 1267 1135 1081 627 303 346 1205 2869 3306 2838 2396 2087 
Wed Jan 17 00:01:13 CET 2018 [ 1283 1174 1132 565 325 381 1211 2827 3281 2903 2355 2122 
Wed Jan 17 00:01:13 CET 2018 [ 1313 1226 1069 625 342 373 1262 2789 3408 2810 2382 2125 
Thu Jan 18 00:00:01 CET 2018 [ 1304 1179 1151 660 323 373 1313 3213 3650 3273 2681 2261 
Thu Jan 18 00:00:01 CET 2018 [ 1320 1230 1188 597 341 410 1315 3149 3624 3285 2644 2297 
Thu Jan 18 00:00:01 CET 2018 [ 1363 1276 1124 656 363 403 1364 3103 3734 3195 2673 2300 
Fri Jan 19 00:00:55 CET 2018 [ 1389 1245 1183 673 332 383 1334 3256 3727 3366 2754 2338 
Fri Jan 19 00:00:55 CET 2018 [ 1420 1289 1216 611 347 424 1337 3191 3678 3380 2707 2392 
Fri Jan 19 00:00:55 CET 2018 [ 1461 1335 1166 676 375 411 1384 3175 3807 3290 2737 2396 
Sat Jan 20 00:00:43 CET 2018 [ 1466 1311 1272 720 369 406 1476 3536 4017 3619 2928 2519 
Sat Jan 20 00:00:43 CET 2018 [ 1494 1336 1320 660 374 462 1477 3466 3990 3617 2903 2569 
Sat Jan 20 00:00:43 CET 2018 [ 1527 1389 1251 726 402 444 1485 3456 4110 3553 2930 2551 
Sun Jan 21 00:00:09 CET 2018 [ 1589 1408 1397 797 405 454 1586 3703 4109 3732 3049 2675 
Sun Jan 21 00:00:09 CET 2018 [ 1611 1414 1433 727 411 502 1593 3624 4065 3751 3055 2729 
Sun Jan 21 00:00:09 CET 2018 [ 1654 1468 1386 794 443 481 1589 3621 4200 3665 3062 2704 
Mon Jan 22 00:01:36 CET 2018 [ 1719 1508 1497 854 426 477 1635 3805 4257 3897 3152 2764 
Mon Jan 22 00:01:36 CET 2018 [ 1764 1536 1509 791 452 536 1660 3705 4235 3927 3161 2797 
Mon Jan 22 00:01:36 CET 2018 [ 1780 1604 1479 858 477 508 1647 3728 4376 3848 3173 2765 
Tue Jan 23 00:00:38 CET 2018 [ 1750 1587 1607 893 459 510 1753 4048 4552 4223 3378 2926 
Tue Jan 23 00:00:38 CET 2018 [ 1794 1617 1620 840 472 571 1795 3941 4546 4287 3405 2956 
Tue Jan 23 00:00:38 CET 2018 [ 1809 1689 1580 898 496 540 1795 3944 4709 4163 3407 2941 
Wed Jan 24 00:00:03 CET 2018 [ 1908 1759 1730 948 496 542 1878 4397 4932 4518 3623 3106 
Wed Jan 24 00:00:03 CET 2018 [ 1976 1833 1693 953 519 583 1906 4306 5147 4492 3630 3145 
Wed Jan 24 00:00:03 CET 2018 [ 1950 1773 1743 893 504 613 1920 4290 4901 4603 3641 3148 
Thu Jan 25 00:00:20 CET 2018 [ 2078 1874 1873 1016 541 596 2056 4704 5277 4822 3870 3288 
Thu Jan 25 00:00:20 CET 2018 [ 2122 1922 1875 961 542 663 2083 4611 5249 4923 3867 3335 
Thu Jan 25 00:00:20 CET 2018 [ 2126 1978 1810 1027 554 628 2102 4631 5445 4785 3885 3308 
Fri Jan 26 00:00:03 CET 2018 [ 2057 1966 1940 1018 563 609 2120 4762 5334 4822 3805 3270 
Fri Jan 26 00:00:03 CET 2018 [ 2103 2015 1919 987 545 675 2130 4684 5300 4929 3838 3295 
Fri Jan 26 00:00:03 CET 2018 [ 2084 2047 1856 1048 569 655 2145 4654 5515 4804 3848 3289 
Sat Jan 27 00:00:59 CET 2018 [ 2316 2276 2148 1088 610 732 2311 4962 5573 5113 3999 3419 
Sat Jan 27 00:00:59 CET 2018 [ 2270 2263 2167 1140 631 681 2337 5022 5593 5016 3938 3383 
Sat Jan 27 00:00:59 CET 2018 [ 2299 2318 2074 1133 627 717 2336 4924 5798 4965 3999 3426 
Sun Jan 28 00:00:01 CET 2018 [ 2266 2188 2091 1095 617 665 2208 4784 5306 4743 3545 3176 
Sun Jan 28 00:00:01 CET 2018 [ 2274 2231 1997 1083 614 704 2244 4693 5513 4756 3621 3199 
Sun Jan 28 00:00:01 CET 2018 [ 2314 2174 2077 1060 598 694 2174 4743 5306 4865 3646 3220 
Mon Jan 29 00:00:07 CET 2018 [ 2341 2292 2168 1132 625 676 2235 4898 5435 4844 3605 3238 
Mon Jan 29 00:00:07 CET 2018 [ 2399 2280 2148 1101 616 704 2198 4849 5432 4961 3716 3285 
Mon Jan 29 00:00:07 CET 2018 [ 2348 2324 2074 1116 628 713 2281 4786 5643 4857 3698 3264 
Tue Jan 30 00:00:36 CET 2018 [ 2429 2376 2245 1158 645 746 2324 5190 5851 5277 3970 3449 
Tue Jan 30 00:00:36 CET 2018 [ 2366 2375 2278 1184 657 713 2398 5245 5874 5189 3882 3378 
Tue Jan 30 00:00:36 CET 2018 [ 2391 2404 2165 1165 660 749 2420 5117 6065 5211 3946 3416 
Wed Jan 31 00:00:20 CET 2018 [ 2617 2631 2440 1265 696 756 2538 5501 6315 5369 4012 3496 
Wed Jan 31 00:00:20 CET 2018 [ 2656 2626 2407 1228 690 793 2464 5438 6222 5485 4085 3579 
Wed Jan 31 00:00:20 CET 2018 [ 2612 2628 2299 1246 702 811 2560 5387 6428 5427 4066 3541 
Thu Feb 01 00:00:58 CET 2018 [ 2778 2724 2499 1304 707 764 2578 5578 6403 5432 4055 3514 
Thu Feb 01 00:00:58 CET 2018 [ 2816 2729 2492 1259 707 803 2502 5510 6305 5559 4121 3595 
Thu Feb 01 00:00:58 CET 2018 [ 2741 2736 2378 1278 717 825 2612 5454 6513 5506 4106 3563 
Fri Feb 02 00:00:45 CET 2018 [ 2797 2758 2542 1338 727 791 2713 5795 6664 5652 4288 3683 
Fri Feb 02 00:00:45 CET 2018 [ 2829 2754 2530 1306 735 827 2624 5752 6545 5789 4312 3772 
Fri Feb 02 00:00:45 CET 2018 [ 2749 2761 2414 1317 731 858 2716 5686 6748 5723 4313 3758 
Sat Feb 03 00:00:30 CET 2018 [ 2935 2896 2672 1426 767 856 2918 6202 7115 6003 4633 3924 
Sat Feb 03 00:00:30 CET 2018 [ 2872 2899 2564 1403 782 916 2928 6129 7188 6045 4637 3985 
Sat Feb 03 00:00:30 CET 2018 [ 2971 2916 2675 1394 792 877 2831 6192 6993 6113 4645 4006 
Sun Feb 04 00:02:31 CET 2018 [ 3121 2997 2790 1493 811 897 3023 6375 7277 6136 4762 4019 
Sun Feb 04 00:02:31 CET 2018 [ 3141 3020 2802 1485 828 914 2940 6385 7155 6222 4748 4123 
Sun Feb 04 00:02:31 CET 2018 [ 3039 3013 2677 1483 826 960 3035 6306 7355 6159 4757 4108 
Mon Feb 05 00:00:00 CET 2018 [ 3199 3059 2856 1511 829 915 3082 6509 7391 6225 4806 4092 
Mon Feb 05 00:00:00 CET 2018 [ 3206 3108 2862 1498 846 928 2996 6529 7309 6304 4819 4194 
Mon Feb 05 00:00:00 CET 2018 [ 3124 3088 2738 1518 846 979 3099 6448 7500 6262 4819 4187 
Tue Feb 06 00:00:27 CET 2018 [ 3238 3109 2949 1556 856 944 3172 6861 7842 6622 5099 4431 
Tue Feb 06 00:00:27 CET 2018 [ 3159 3135 2836 1580 868 996 3203 6775 7968 6683 5140 4517 
Tue Feb 06 00:00:27 CET 2018 [ 3239 3158 2956 1560 886 958 3099 6855 7763 6704 5135 4546 
Wed Feb 07 00:00:02 CET 2018 [ 3414 3189 3004 1570 872 959 3151 6911 7869 6641 5076 4565 
Wed Feb 07 00:00:02 CET 2018 [ 3427 3243 2996 1560 882 957 3097 6932 7856 6721 5117 4668 
Wed Feb 07 00:00:02 CET 2018 [ 3367 3207 2883 1584 882 1000 3233 6843 8014 6690 5156 4613 
Thu Feb 08 00:00:06 CET 2018 [ 3597 3333 3107 1633 899 989 3323 7263 8235 6928 5292 4717 
Thu Feb 08 00:00:06 CET 2018 [ 3590 3386 3087 1605 917 989 3241 7267 8191 7013 5312 4819 
Thu Feb 08 00:00:06 CET 2018 [ 3535 3371 2967 1620 913 1037 3371 7171 8342 6987 5392 4761 
Fri Feb 09 00:00:43 CET 2018 [ 3508 3333 3094 1604 890 1000 3367 7376 8410 7017 5346 4806 
Fri Feb 09 00:00:43 CET 2018 [ 3459 3377 2971 1588 900 1033 3415 7266 8514 7079 5461 4792 
Fri Feb 09 00:00:43 CET 2018 [ 3521 3394 3084 1559 923 994 3297 7340 8352 7135 5381 4887 
Sat Feb 10 00:00:07 CET 2018 [ 3582 3440 3144 1664 918 1033 3426 7456 8520 7107 5495 4961 
Sat Feb 10 00:00:07 CET 2018 [ 3624 3474 3146 1632 939 1026 3374 7413 8439 7267 5488 5033 
Sat Feb 10 00:00:07 CET 2018 [ 3521 3458 3031 1625 921 1066 3467 7351 8585 7179 5611 4919 
Sun Feb 11 00:01:53 CET 2018 [ 3776 3563 3293 1752 973 1090 3600 7719 8688 7229 5563 5058 
Sun Feb 11 00:01:53 CET 2018 [ 3794 3595 3318 1737 988 1071 3531 7710 8581 7378 5580 5134 
Sun Feb 11 00:01:53 CET 2018 [ 3675 3580 3200 1716 968 1119 3626 7631 8757 7318 5695 5012 
Mon Feb 12 00:00:14 CET 2018 [ 3715 3615 3345 1774 1007 1080 3485 7539 8431 7223 5503 4973 
Mon Feb 12 00:00:14 CET 2018 [ 3697 3598 3317 1780 973 1094 3569 7631 8588 7097 5443 4906 
Mon Feb 12 00:00:14 CET 2018 [ 3560 3633 3227 1750 973 1122 3577 7474 8665 7188 5562 4889 
Tue Feb 13 00:00:31 CET 2018 [ 3800 3686 3414 1830 995 1134 3702 7904 8891 7448 5729 5116 
Tue Feb 13 00:00:31 CET 2018 [ 3829 3705 3410 1825 1034 1108 3609 7833 8740 7532 5788 5196 
Tue Feb 13 00:00:31 CET 2018 [ 3652 3724 3312 1790 994 1147 3691 7792 8964 7565 5857 5065 
Wed Feb 14 00:00:00 CET 2018 [ 3949 3853 3504 1876 1058 1140 3743 8094 9113 7884 6097 5454 
Wed Feb 14 00:00:00 CET 2018 [ 3946 3834 3519 1892 1016 1161 3807 8183 9289 7813 5991 5353 
Wed Feb 14 00:00:00 CET 2018 [ 3791 3865 3407 1860 1028 1175 3821 8051 9348 7911 6158 5317 
Thu Feb 15 00:00:01 CET 2018 [ 4127 3983 3628 1955 1039 1192 3895 8426 9687 8230 6279 5732 
Thu Feb 15 00:00:01 CET 2018 [ 4139 3956 3589 1927 1081 1179 3829 8346 9517 8290 6391 5781 
Thu Feb 15 00:00:01 CET 2018 [ 3952 3987 3506 1911 1049 1196 3922 8289 9736 8323 6452 5659 
Fri Feb 16 00:00:05 CET 2018 [ 4308 4142 3798 2046 1083 1241 4108 8898 10164 8547 6526 6048 
Fri Feb 16 00:00:05 CET 2018 [ 4151 4158 3664 2017 1101 1252 4159 8758 10241 8647 6660 5965 
Fri Feb 16 00:00:05 CET 2018 [ 4295 4127 3741 2028 1133 1243 4059 8816 10008 8585 6640 6089 
Sat Feb 17 00:00:02 CET 2018 [ 4505 4289 3922 2144 1145 1296 4338 9279 10584 8901 6927 6324 
Sat Feb 17 00:00:02 CET 2018 [ 4503 4285 3862 2115 1196 1318 4281 9235 10451 8914 7078 6370 
Sat Feb 17 00:00:02 CET 2018 [ 4355 4308 3796 2113 1162 1320 4374 9194 10685 8982 7059 6247 
Sun Feb 18 00:00:03 CET 2018 [ 4650 4396 4043 2226 1194 1343 4464 9502 10750 8970 7011 6499 
Sun Feb 18 00:00:03 CET 2018 [ 4494 4396 3907 2187 1211 1363 4492 9415 10869 9061 7141 6435 
Sun Feb 18 00:00:03 CET 2018 [ 4652 4389 3971 2186 1251 1365 4425 9456 10644 8987 7158 6549 
Mon Feb 19 00:04:14 CET 2018 [ 4794 4570 4189 2285 1244 1390 4550 9689 10939 9039 7035 6517 
Mon Feb 19 00:04:14 CET 2018 [ 4804 4531 4104 2260 1290 1419 4522 9661 10808 9070 7184 6567 
Mon Feb 19 00:04:14 CET 2018 [ 4639 4553 4026 2267 1246 1403 4606 9618 11055 9135 7173 6455 
Tue Feb 20 00:01:14 CET 2018 [ 4631 4499 4171 2274 1242 1383 4462 9535 10767 8884 6885 6421 
Tue Feb 20 00:01:14 CET 2018 [ 4493 4458 3994 2279 1246 1394 4565 9491 10911 8960 7004 6357 
Tue Feb 20 00:01:14 CET 2018 [ 4664 4459 4088 2256 1271 1413 4461 9505 10663 8928 7043 6478 
Wed Feb 21 00:00:00 CET 2018 [ 4643 4599 4254 2325 1269 1420 4573 9833 11145 9250 7149 6673 
Wed Feb 21 00:00:00 CET 2018 [ 4682 4551 4168 2311 1304 1448 4600 9837 11048 9277 7320 6741 
Wed Feb 21 00:00:00 CET 2018 [ 4512 4546 4079 2324 1273 1428 4695 9787 11305 9309 7280 6588 
Thu Feb 22 00:00:04 CET 2018 [ 4857 4757 4379 2417 1315 1463 4749 10228 11664 9576 7386 6929 
Thu Feb 22 00:00:04 CET 2018 [ 4712 4707 4185 2395 1320 1471 4874 10184 11780 9646 7498 6867 
Thu Feb 22 00:00:04 CET 2018 [ 4865 4723 4306 2381 1337 1488 4770 10250 11528 9579 7561 6961 
Fri Feb 23 00:00:14 CET 2018 [ 5058 4854 4528 2499 1358 1502 4905 10541 12099 9882 7564 7079 
Fri Feb 23 00:00:14 CET 2018 [ 5063 4823 4439 2478 1394 1533 4911 10504 11915 9844 7762 7099 
Fri Feb 23 00:00:14 CET 2018 [ 4899 4823 4323 2475 1353 1525 5035 10480 12248 9924 7683 7001 
Sat Feb 24 00:00:07 CET 2018 [ 5167 4982 4685 2597 1411 1576 5141 11009 12713 10303 7935 7335 
Sat Feb 24 00:00:07 CET 2018 [ 5011 4977 4484 2582 1402 1582 5293 10961 12848 10357 8055 7249 
Sat Feb 24 00:00:07 CET 2018 [ 5189 4951 4601 2591 1450 1593 5171 10952 12499 10230 8104 7341 
Sun Feb 25 00:00:14 CET 2018 [ 5318 5076 4777 2636 1434 1601 5214 11138 12832 10372 8020 7447 
Sun Feb 25 00:00:14 CET 2018 [ 5352 5048 4681 2639 1483 1621 5258 11078 12636 10274 8169 7460 
Sun Feb 25 00:00:14 CET 2018 [ 5189 5066 4562 2640 1429 1619 5359 11093 12984 10416 8112 7342 
Mon Feb 26 00:00:52 CET 2018 [ 5465 5157 4747 2683 1518 1645 5333 11246 12814 10387 8242 7503 
Mon Feb 26 00:00:52 CET 2018 [ 5417 5189 4858 2686 1464 1627 5302 11267 12992 10509 8081 7499 
Mon Feb 26 00:00:52 CET 2018 [ 5286 5176 4633 2693 1466 1642 5435 11276 13162 10549 8189 7389 
Tue Feb 27 00:00:07 CET 2018 [ 5452 5294 4956 2752 1491 1652 5454 11571 13379 10878 8290 7634 
Tue Feb 27 00:00:07 CET 2018 [ 5312 5263 4726 2740 1493 1683 5571 11598 13624 10874 8434 7535 
Tue Feb 27 00:00:07 CET 2018 [ 5496 5248 4831 2732 1540 1687 5462 11520 13219 10728 8488 7642 
Wed Feb 28 00:00:56 CET 2018 [ 5626 5522 5122 2845 1556 1714 5629 11914 13733 11135 8466 7976 
Wed Feb 28 00:00:56 CET 2018 [ 5541 5469 4891 2835 1542 1736 5788 11925 14029 11122 8653 7871 
Wed Feb 28 00:00:56 CET 2018 [ 5717 5458 5001 2824 1597 1736 5634 11840 13615 10996 8729 7956 
Thu Mar 01 00:09:14 CET 2018 [ 5725 5497 5104 2827 1540 1687 5544 11635 13433 10893 8217 7769 
Thu Mar 01 00:09:14 CET 2018 [ 5795 5427 4968 2795 1568 1725 5524 11542 13311 10774 8472 7755 
Thu Mar 01 00:09:14 CET 2018 [ 5660 5476 4844 2797 1518 1724 5679 11632 13722 10924 8417 7679 
Fri Mar 02 00:06:06 CET 2018 [ 5744 5525 5120 2835 1542 1689 5548 11645 13445 10921 8227 7778 
Fri Mar 02 00:06:06 CET 2018 [ 5676 5499 4849 2802 1518 1727 5681 11639 13744 10949 8425 7684 
Fri Mar 02 00:06:06 CET 2018 [ 5806 5461 4983 2800 1571 1727 5528 11552 13328 10811 8489 7763 
Sat Mar 03 00:11:30 CET 2018 [ 5810 5464 4986 2800 1572 1728 5531 11562 13333 10817 8493 7768 
Sat Mar 03 00:11:30 CET 2018 [ 5748 5532 5120 2837 1544 1690 5548 11656 13448 10926 8229 7783 
Sat Mar 03 00:11:30 CET 2018 [ 5683 5503 4851 2803 1520 1727 5683 11648 13756 10954 8431 7687 
Sun Mar 04 00:03:39 CET 2018 [ 5712 5485 5033 2794 1518 1662 5461 11309 13002 10535 7940 7445 
Sun Mar 04 00:03:39 CET 2018 [ 5657 5460 4753 2741 1499 1711 5580 11323 13298 10536 8116 7360 
Sun Mar 04 00:03:39 CET 2018 [ 5782 5417 4895 2739 1532 1698 5429 11240 12881 10420 8181 7418 
Mon Mar 05 00:34:21 CET 2018 [ 5717 5486 5033 2796 1519 1663 5464 11311 13005 10537 7948 7449 
Mon Mar 05 00:34:21 CET 2018 [ 5661 5462 4753 2741 1499 1711 5582 11331 13304 10541 8120 7361 
Mon Mar 05 00:34:21 CET 2018 [ 5784 5418 4895 2742 1532 1698 5431 11244 12883 10422 8186 7419 
Tue Mar 06 00:13:15 CET 2018 [ 5720 5486 5033 2797 1519 1663 5466 11313 13007 10538 7952 7449 
Tue Mar 06 00:13:15 CET 2018 [ 5787 5419 4897 2742 1532 1698 5432 11247 12886 10426 8191 7422 
Tue Mar 06 00:13:15 CET 2018 [ 5663 5463 4754 2744 1499 1711 5584 11333 13307 10541 8123 7363 
Wed Mar 07 00:07:56 CET 2018 [ 5721 5488 5035 2798 1519 1663 5468 11324 13015 10548 7956 7452 
Wed Mar 07 00:07:56 CET 2018 [ 5788 5421 4899 2743 1532 1699 5433 11251 12894 10437 8198 7424 
Wed Mar 07 00:07:56 CET 2018 [ 5666 5464 4756 2746 1499 1711 5586 11337 13320 10549 8132 7368 
Thu Mar 08 01:42:16 CET 2018 [ 5723 5491 5036 2800 1520 1663 5469 11324 13018 10548 7959 7452 
Thu Mar 08 01:42:16 CET 2018 [ 5789 5424 4901 2747 1534 1700 5434 11251 12898 10441 8199 7424 
Thu Mar 08 01:42:16 CET 2018 [ 5670 5466 4756 2746 1500 1711 5586 11339 13325 10551 8137 7368 
Fri Mar 09 00:39:14 CET 2018 [ 5721 5488 5031 2798 1519 1662 5467 11323 13020 10547 7956 7452 
Fri Mar 09 00:39:14 CET 2018 [ 5787 5421 4899 2746 1534 1700 5437 11251 12899 10444 8196 7422 
Fri Mar 09 00:39:14 CET 2018 [ 5665 5462 4756 2746 1499 1710 5585 11345 13317 10554 8134 7365 
Sat Mar 10 02:45:01 CET 2018 [ 5723 5490 5033 2798 1519 1663 5467 11323 13021 10549 7959 7455 
Sat Mar 10 02:45:01 CET 2018 [ 5787 5423 4901 2747 1534 1700 5438 11252 12899 10444 8197 7423 
Sat Mar 10 02:45:01 CET 2018 [ 5665 5463 4757 2746 1499 1710 5585 11345 13317 10555 8136 7365 
Sun Mar 11 00:51:29 CET 2018 [ 5720 5490 5033 2798 1519 1663 5465 11321 13019 10548 7955 7455 
Sun Mar 11 00:51:29 CET 2018 [ 5663 5462 4756 2743 1499 1710 5583 11343 13314 10555 8134 7364 
Sun Mar 11 00:51:29 CET 2018 [ 5785 5422 4899 2747 1534 1700 5437 11249 12897 10443 8192 7421 
Mon Mar 12 01:33:46 CET 2018 [ 5721 5490 5033 2798 1519 1663 5465 11321 13019 10548 7955 7456 
Mon Mar 12 01:33:46 CET 2018 [ 5785 5423 4899 2747 1534 1700 5438 11249 12898 10443 8193 7421 
Mon Mar 12 01:33:46 CET 2018 [ 5663 5462 4757 2743 1499 1710 5583 11344 13314 10556 8134 7364 
Tue Mar 13 02:50:52 CET 2018 [ 5719 5488 5032 2796 1518 1663 5464 11323 13018 10549 7952 7456 
Tue Mar 13 02:50:52 CET 2018 [ 5659 5460 4758 2743 1498 1712 5583 11342 13309 10555 8129 7365 
Tue Mar 13 02:50:52 CET 2018 [ 5784 5420 4898 2743 1532 1699 5437 11249 12898 10441 8194 7421 
Wed Mar 14 04:59:25 CET 2018 [ 5699 5460 5018 2788 1516 1661 5460 11314 13006 10522 7943 7447 
Wed Mar 14 04:59:25 CET 2018 [ 5641 5439 4754 2740 1498 1709 5582 11336 13287 10530 8121 7362 
Wed Mar 14 04:59:25 CET 2018 [ 5769 5389 4883 2738 1529 1697 5433 11239 12881 10404 8178 7413 
Thu Mar 15 00:28:10 CET 2018 [ 5696 5453 5018 2786 1514 1660 5460 11303 13006 10519 7941 7442 
Thu Mar 15 00:28:10 CET 2018 [ 5766 5386 4880 2738 1528 1696 5430 11229 12876 10398 8174 7409 
Thu Mar 15 00:28:10 CET 2018 [ 5634 5435 4752 2739 1496 1709 5581 11328 13275 10525 8115 7359 
Fri Mar 16 00:20:30 CET 2018 [ 5697 5453 5018 2786 1514 1660 5460 11303 13011 10520 7941 7442 
Fri Mar 16 00:20:30 CET 2018 [ 5636 5435 4752 2739 1496 1709 5581 11328 13278 10525 8115 7359 
Fri Mar 16 00:20:30 CET 2018 [ 5766 5386 4880 2738 1528 1696 5430 11230 12881 10400 8174 7411 
Sat Mar 17 04:38:28 CET 2018 [ 5697 5454 5018 2786 1514 1660 5461 11303 13011 10520 7941 7442 
Sat Mar 17 04:38:28 CET 2018 [ 5637 5435 4752 2739 1496 1709 5581 11328 13278 10525 8115 7359 
Sat Mar 17 04:38:28 CET 2018 [ 5768 5387 4881 2738 1528 1696 5430 11231 12881 10400 8174 7411 
Sun Mar 18 02:20:13 CET 2018 [ 5697 5454 5018 2786 1514 1660 5461 11303 13011 10520 7941 7442 
Sun Mar 18 02:20:13 CET 2018 [ 5768 5387 4881 2738 1528 1696 5430 11231 12881 10400 8174 7411 
Sun Mar 18 02:20:13 CET 2018 [ 5637 5436 4752 2739 1496 1709 5581 11329 13278 10525 8115 7359 
Mon Mar 19 01:47:13 CET 2018 [ 5697 5454 5018 2786 1514 1661 5461 11304 13011 10520 7941 7442 
Mon Mar 19 01:47:13 CET 2018 [ 5637 5436 4752 2739 1496 1709 5581 11329 13279 10525 8115 7359 
Mon Mar 19 01:47:13 CET 2018 [ 5769 5387 4881 2738 1528 1696 5430 11231 12881 10400 8175 7411 
Tue Mar 20 02:36:00 CET 2018 [ 5697 5454 5018 2786 1514 1661 5461 11304 13011 10523 7941 7442 
Tue Mar 20 02:36:00 CET 2018 [ 5637 5436 4752 2739 1496 1709 5581 11331 13279 10527 8115 7360 
Tue Mar 20 02:36:00 CET 2018 [ 5769 5389 4882 2739 1528 1696 5430 11231 12881 10400 8175 7411 
Wed Mar 21 01:19:50 CET 2018 [ 5698 5455 5018 2786 1514 1661 5461 11305 13012 10523 7942 7442 
Wed Mar 21 01:19:50 CET 2018 [ 5769 5389 4882 2739 1528 1696 5430 11231 12881 10402 8175 7411 
Wed Mar 21 01:19:50 CET 2018 [ 5637 5436 4752 2739 1496 1709 5581 11331 13279 10527 8115 7360 
Thu Mar 22 08:55:43 CET 2018 [ 5698 5455 5018 2786 1514 1661 5461 11306 13012 10523 7942 7442 
Thu Mar 22 08:55:43 CET 2018 [ 5769 5390 4882 2739 1529 1696 5430 11231 12881 10402 8175 7411 
Thu Mar 22 08:55:43 CET 2018 [ 5637 5436 4752 2739 1497 1709 5582 11331 13279 10528 8115 7360 
Fri Mar 23 01:05:06 CET 2018 [ 5699 5455 5018 2786 1514 1661 5462 11306 13013 10523 7942 7442 
Fri Mar 23 01:05:06 CET 2018 [ 5769 5390 4882 2739 1529 1696 5430 11231 12881 10402 8175 7412 
Fri Mar 23 01:05:06 CET 2018 [ 5637 5436 4752 2739 1497 1709 5582 11334 13279 10528 8115 7360 
Sat Mar 24 00:41:07 CET 2018 [ 5699 5456 5018 2786 1515 1661 5462 11306 13014 10524 7942 7442 
Sat Mar 24 00:41:07 CET 2018 [ 5637 5437 4752 2739 1497 1709 5583 11334 13282 10530 8120 7360 
Sat Mar 24 00:41:07 CET 2018 [ 5771 5390 4882 2739 1529 1696 5431 11231 12883 10404 8176 7413 
Sun Mar 25 03:15:37 CEST 2018 [ 5699 5457 5019 2786 1515 1661 5462 11306 13014 10524 7942 7442 
Sun Mar 25 03:15:37 CEST 2018 [ 5637 5437 4752 2739 1497 1709 5583 11334 13282 10530 8120 7361 
Sun Mar 25 03:15:37 CEST 2018 [ 5772 5391 4882 2739 1529 1696 5431 11231 12883 10405 8176 7413 
Mon Mar 26 03:30:42 CEST 2018 [ 5698 5457 5017 2785 1515 1661 5460 11295 13008 10514 7938 7439 
Mon Mar 26 03:30:42 CEST 2018 [ 5634 5436 4750 2737 1497 1710 5581 11331 13269 10522 8113 7357 
Mon Mar 26 03:30:42 CEST 2018 [ 5771 5389 4880 2738 1529 1695 5430 11227 12875 10395 8169 7412 
Tue Mar 27 00:56:40 CEST 2018 [ 5698 5458 5017 2785 1515 1661 5460 11298 13009 10514 7939 7441 
Tue Mar 27 00:56:40 CEST 2018 [ 5771 5389 4880 2738 1529 1695 5430 11228 12875 10395 8169 7412 
Tue Mar 27 00:56:40 CEST 2018 [ 5634 5436 4750 2737 1497 1710 5581 11332 13270 10522 8113 7357 
Wed Mar 28 00:02:28 CEST 2018 [ 5699 5463 5018 2785 1515 1661 5460 11298 13010 10514 7940 7441 
Wed Mar 28 00:02:28 CEST 2018 [ 5634 5437 4751 2737 1497 1710 5581 11333 13272 10522 8113 7358 
Wed Mar 28 00:02:28 CEST 2018 [ 5771 5391 4881 2738 1529 1696 5430 11230 12876 10396 8169 7412 
Thu Mar 29 00:27:15 CEST 2018 [ 5702 5463 5018 2785 1515 1661 5460 11298 13010 10514 7942 7443 
Thu Mar 29 00:27:15 CEST 2018 [ 5634 5438 4751 2738 1498 1710 5581 11334 13274 10522 8113 7359 
Thu Mar 29 00:27:15 CEST 2018 [ 5774 5391 4881 2738 1529 1697 5430 11230 12877 10396 8169 7413 
Fri Mar 30 03:53:39 CEST 2018 [ 5702 5465 5019 2785 1515 1661 5460 11299 13012 10514 7942 7443 
Fri Mar 30 03:53:39 CEST 2018 [ 5634 5438 4751 2738 1498 1710 5581 11334 13274 10524 8114 7359 
Fri Mar 30 03:53:39 CEST 2018 [ 5775 5392 4881 2738 1529 1697 5430 11231 12878 10396 8169 7413 
Sat Mar 31 15:08:02 CEST 2018 [ 5698 5464 5019 2783 1514 1660 5457 11298 13009 10512 7934 7439 
Sat Mar 31 15:08:02 CEST 2018 [ 5629 5436 4751 2738 1498 1710 5579 11327 13268 10519 8110 7358 
Sat Mar 31 15:08:02 CEST 2018 [ 5773 5391 4882 2735 1529 1697 5428 11227 12876 10394 8164 7412 
Sun Apr 01 16:11:01 CEST 2018 [ 5698 5464 5019 2783 1514 1660 5457 11298 13009 10512 7934 7440 
Sun Apr 01 16:11:01 CEST 2018 [ 5629 5436 4751 2738 1498 1710 5579 11327 13269 10519 8110 7358 
Sun Apr 01 16:11:01 CEST 2018 [ 5773 5391 4882 2736 1529 1697 5428 11229 12876 10395 8164 7413 
Mon Apr 02 16:38:47 CEST 2018 [ 5699 5465 5019 2783 1514 1660 5457 11298 13009 10512 7934 7440 
Mon Apr 02 16:38:47 CEST 2018 [ 5773 5391 4882 2736 1529 1697 5428 11230 12876 10396 8164 7413 
Mon Apr 02 16:38:47 CEST 2018 [ 5629 5436 4751 2738 1498 1710 5579 11328 13269 10520 8110 7358 
Tue Apr 03 14:25:11 CEST 2018 [ 5699 5465 5019 2783 1514 1660 5457 11298 13009 10512 7934 7441 
Tue Apr 03 14:25:11 CEST 2018 [ 5773 5391 4882 2736 1529 1697 5428 11230 12877 10398 8164 7413 
Tue Apr 03 14:25:11 CEST 2018 [ 5629 5437 4751 2738 1498 1710 5580 11328 13270 10520 8110 7360 
Wed Apr 04 13:49:03 CEST 2018 [ 5699 5465 5019 2783 1514 1660 5457 11299 13009 10513 7934 7442 
Wed Apr 04 13:49:03 CEST 2018 [ 5773 5392 4882 2736 1529 1697 5428 11231 12879 10398 8164 7413 
Wed Apr 04 13:49:03 CEST 2018 [ 5629 5437 4751 2739 1498 1710 5581 11329 13273 10520 8110 7360 
Thu Apr 05 14:34:46 CEST 2018 [ 5699 5465 5019 2783 1514 1661 5457 11300 13009 10513 7934 7442 
Thu Apr 05 14:34:46 CEST 2018 [ 5629 5437 4751 2739 1498 1710 5581 11330 13273 10520 8111 7360 
Thu Apr 05 14:34:46 CEST 2018 [ 5774 5392 4882 2736 1529 1697 5429 11232 12880 10398 8164 7413 
Fri Apr 06 13:45:44 CEST 2018 [ 5699 5466 5020 2783 1514 1661 5458 11300 13009 10512 7934 7443 
Fri Apr 06 13:45:44 CEST 2018 [ 5774 5392 4882 2736 1529 1697 5429 11232 12879 10398 8164 7413 
Fri Apr 06 13:45:44 CEST 2018 [ 5629 5436 4751 2739 1498 1710 5580 11329 13270 10521 8111 7360 
Sat Apr 07 16:49:13 CEST 2018 [ 5699 5466 5020 2783 1514 1661 5458 11301 13009 10512 7934 7443 
Sat Apr 07 16:49:13 CEST 2018 [ 5630 5436 4751 2739 1498 1710 5580 11329 13270 10521 8111 7360 
Sat Apr 07 16:49:13 CEST 2018 [ 5774 5392 4883 2736 1529 1697 5429 11232 12879 10398 8165 7413 
Sun Apr 08 12:47:56 CEST 2018 [ 5699 5465 5019 2783 1514 1661 5457 11301 13009 10512 7934 7443 
Sun Apr 08 12:47:56 CEST 2018 [ 5773 5392 4883 2736 1529 1698 5428 11231 12878 10398 8165 7413 
Sun Apr 08 12:47:56 CEST 2018 [ 5630 5436 4751 2739 1498 1710 5580 11329 13270 10521 8111 7360 
Mon Apr 09 14:12:10 CEST 2018 [ 5699 5465 5019 2783 1514 1661 5458 11302 13009 10512 7934 7443 
Mon Apr 09 14:12:10 CEST 2018 [ 5773 5392 4883 2736 1529 1698 5428 11231 12878 10398 8165 7413 
Mon Apr 09 14:12:10 CEST 2018 [ 5630 5436 4751 2739 1498 1710 5580 11329 13270 10521 8111 7360 
Tue Apr 10 16:20:38 CEST 2018 [ 5699 5465 5019 2783 1514 1661 5458 11303 13009 10512 7934 7443 
Tue Apr 10 16:20:38 CEST 2018 [ 5773 5392 4883 2736 1529 1698 5428 11229 12878 10397 8165 7414 
Tue Apr 10 16:20:38 CEST 2018 [ 5630 5436 4751 2739 1498 1710 5580 11330 13271 10521 8111 7360 
Wed Apr 11 14:48:52 CEST 2018 [ 5699 5465 5019 2786 1517 1661 5459 11303 13009 10512 7934 7443 
Wed Apr 11 14:48:52 CEST 2018 [ 5630 5436 4751 2744 1503 1711 5580 11330 13271 10521 8111 7360 
Wed Apr 11 14:48:52 CEST 2018 [ 5773 5392 4883 2737 1532 1698 5428 11229 12879 10397 8166 7414 
Thu Apr 12 20:12:44 CEST 2018 [ 5699 5465 5019 2786 1517 1661 5459 11304 13009 10513 7934 7444 
Thu Apr 12 20:12:44 CEST 2018 [ 5630 5437 4752 2744 1503 1711 5580 11330 13271 10521 8111 7360 
Thu Apr 12 20:12:44 CEST 2018 [ 5773 5393 4883 2737 1532 1698 5428 11231 12879 10398 8167 7414 
Fri Apr 13 16:10:27 CEST 2018 [ 5699 5465 5019 2786 1517 1661 5459 11304 13009 10513 7934 7444 
Fri Apr 13 16:10:27 CEST 2018 [ 5773 5393 4883 2737 1532 1698 5428 11232 12879 10398 8167 7414 
Fri Apr 13 16:10:27 CEST 2018 [ 5630 5437 4752 2743 1503 1711 5579 11329 13271 10521 8110 7361 
Sat Apr 14 20:10:47 CEST 2018 [ 5699 5465 5019 2786 1517 1661 5459 11304 13009 10513 7934 7445 
Sat Apr 14 20:10:47 CEST 2018 [ 5773 5393 4883 2737 1532 1698 5428 11232 12879 10400 8167 7414 
Sat Apr 14 20:10:47 CEST 2018 [ 5630 5437 4752 2743 1503 1711 5579 11329 13272 10521 8110 7361 
Sun Apr 15 17:55:14 CEST 2018 [ 5699 5465 5019 2786 1517 1660 5459 11303 13009 10513 7934 7443 
Sun Apr 15 17:55:14 CEST 2018 [ 5630 5437 4752 2743 1503 1711 5579 11329 13272 10520 8110 7361 
Sun Apr 15 17:55:14 CEST 2018 [ 5773 5393 4883 2737 1532 1698 5428 11232 12880 10400 8167 7414 
Mon Apr 16 16:31:05 CEST 2018 [ 5699 5465 5019 2786 1517 1660 5459 11303 13009 10514 7934 7443 
Mon Apr 16 16:31:05 CEST 2018 [ 5774 5393 4883 2737 1532 1698 5428 11233 12880 10400 8167 7414 
Mon Apr 16 16:31:05 CEST 2018 [ 5630 5438 4752 2744 1503 1711 5579 11329 13272 10520 8110 7361 
Tue Apr 17 13:27:49 CEST 2018 [ 5700 5465 5019 2786 1517 1660 5460 11303 13009 10514 7934 7443 
Tue Apr 17 13:27:49 CEST 2018 [ 5630 5438 4752 2744 1503 1711 5579 11329 13272 10520 8110 7362 
Tue Apr 17 13:27:49 CEST 2018 [ 5774 5393 4883 2738 1532 1698 5428 11233 12881 10401 8167 7414 
Wed Apr 18 15:02:49 CEST 2018 [ 5700 5465 5019 2786 1517 1660 5460 11303 13011 10514 7934 7444 
Wed Apr 18 15:02:49 CEST 2018 [ 5630 5438 4752 2744 1503 1711 5579 11330 13272 10521 8110 7363 
Wed Apr 18 15:02:49 CEST 2018 [ 5774 5393 4884 2738 1532 1698 5428 11235 12881 10401 8168 7414 