
Mon Jan 01 01:47:41 CET 2018 [ 1 0 0 0 0 0 0 0 0 0 0 0 
Mon Jan 01 01:47:41 CET 2018 [ 0 0 0 0 0 0 0 0 0 0 0 0 
Mon Jan 01 01:47:41 CET 2018 [ 0 0 0 0 0 0 0 0 0 0 0 0 
Tue Jan 02 00:03:07 CET 2018 [ 0 1 6 5 3 4 12 37 38 43 47 27 
Tue Jan 02 00:03:07 CET 2018 [ 1 1 9 4 3 1 10 52 40 61 38 24 
Tue Jan 02 00:03:07 CET 2018 [ 1 1 5 4 2 2 10 48 42 57 29 43 
Wed Jan 03 00:00:04 CET 2018 [ 33 26 80 38 27 28 103 212 273 205 249 172 
Wed Jan 03 00:00:04 CET 2018 [ 24 27 67 50 28 37 95 227 282 223 269 182 
Wed Jan 03 00:00:04 CET 2018 [ 35 17 80 42 29 31 105 235 258 242 266 185 
Thu Jan 04 00:00:01 CET 2018 [ 148 121 75 43 28 37 112 246 326 314 370 331 
Thu Jan 04 00:00:01 CET 2018 [ 150 89 88 53 25 37 123 268 303 313 344 314 
Thu Jan 04 00:00:01 CET 2018 [ 164 85 92 49 24 30 109 267 312 304 386 294 
Fri Jan 05 00:00:13 CET 2018 [ 191 151 91 44 31 50 107 247 260 194 236 139 
Fri Jan 05 00:00:13 CET 2018 [ 197 139 98 42 37 37 139 249 257 212 222 135 
Fri Jan 05 00:00:13 CET 2018 [ 161 132 94 44 36 45 112 271 259 227 241 151 
Sat Jan 06 00:00:02 CET 2018 [ 92 176 134 98 34 45 160 360 425 290 448 278 
Sat Jan 06 00:00:02 CET 2018 [ 115 160 157 73 41 46 171 344 431 341 414 301 
Sat Jan 06 00:00:02 CET 2018 [ 109 164 130 65 38 62 179 373 458 307 424 283 
Sun Jan 07 00:02:47 CET 2018 [ 151 100 92 52 47 26 101 169 135 51 40 14 
Sun Jan 07 00:02:47 CET 2018 [ 182 113 125 62 34 28 105 196 128 81 45 24 
Sun Jan 07 00:02:47 CET 2018 [ 149 129 75 41 27 41 92 181 132 72 34 22 
Mon Jan 08 00:01:54 CET 2018 [ 14 11 7 6 4 9 14 65 92 69 40 36 
Mon Jan 08 00:01:54 CET 2018 [ 20 11 9 8 5 4 19 74 92 69 42 55 
Mon Jan 08 00:01:54 CET 2018 [ 20 7 11 5 7 5 14 57 103 70 44 51 
Tue Jan 09 00:00:06 CET 2018 [ 21 45 67 34 19 32 103 249 297 364 257 318 
Tue Jan 09 00:00:06 CET 2018 [ 31 45 59 42 19 25 90 322 290 320 260 316 
Tue Jan 09 00:00:06 CET 2018 [ 39 47 53 33 15 22 90 253 309 312 237 386 
Wed Jan 10 00:00:55 CET 2018 [ 224 184 120 64 34 30 123 343 414 367 177 215 
Wed Jan 10 00:00:55 CET 2018 [ 241 181 125 64 31 41 133 342 477 373 197 223 
Wed Jan 10 00:00:55 CET 2018 [ 226 194 125 74 36 30 123 315 419 373 189 224 
Thu Jan 11 00:00:01 CET 2018 [ 119 96 74 42 20 21 75 230 332 194 199 280 
Thu Jan 11 00:00:01 CET 2018 [ 151 114 86 52 26 33 84 195 270 191 227 296 
Thu Jan 11 00:00:01 CET 2018 [ 122 110 86 34 21 18 74 206 314 203 204 235 
Fri Jan 12 00:00:42 CET 2018 [ 176 120 72 46 21 27 161 320 393 313 202 169 
Fri Jan 12 00:00:42 CET 2018 [ 159 96 75 46 19 31 154 305 403 291 170 147 
Fri Jan 12 00:00:42 CET 2018 [ 163 121 100 43 21 31 134 301 363 286 196 169 
Sat Jan 13 00:00:36 CET 2018 [ 143 141 146 79 51 67 169 271 289 341 227 153 
Sat Jan 13 00:00:36 CET 2018 [ 149 106 163 77 43 42 133 274 278 341 244 165 
Sat Jan 13 00:00:36 CET 2018 [ 155 107 166 72 45 48 163 278 299 301 241 147 
Sun Jan 14 00:00:56 CET 2018 [ 119 97 113 65 35 40 111 169 85 44 58 117 
Sun Jan 14 00:00:56 CET 2018 [ 116 81 117 100 39 37 98 161 111 49 60 116 
Sun Jan 14 00:00:56 CET 2018 [ 108 108 153 71 37 43 99 181 98 43 61 132 
Mon Jan 15 00:01:19 CET 2018 [ 102 71 56 49 29 21 51 127 204 129 60 23 
Mon Jan 15 00:01:19 CET 2018 [ 93 74 76 36 24 20 41 151 181 140 48 36 
Mon Jan 15 00:01:19 CET 2018 [ 85 75 63 35 31 20 50 138 207 131 64 32 
Tue Jan 16 00:00:45 CET 2018 [ 33 40 53 32 26 20 59 160 188 159 109 74 
Tue Jan 16 00:00:45 CET 2018 [ 22 24 58 27 12 19 66 162 204 141 104 73 
Tue Jan 16 00:00:45 CET 2018 [ 32 39 58 28 21 24 62 151 210 168 93 68 
Wed Jan 17 00:01:13 CET 2018 [ 80 155 106 52 42 30 115 266 351 319 229 120 
Wed Jan 17 00:01:13 CET 2018 [ 84 140 108 59 29 25 120 319 339 338 271 102 
Wed Jan 17 00:01:13 CET 2018 [ 90 126 108 67 26 39 111 301 295 290 249 103 
Thu Jan 18 00:00:01 CET 2018 [ 41 52 59 30 16 30 106 340 309 411 294 195 
Thu Jan 18 00:00:01 CET 2018 [ 43 43 68 41 25 29 102 317 364 389 291 148 
Thu Jan 18 00:00:01 CET 2018 [ 40 55 54 25 16 27 106 323 340 402 280 181 
Fri Jan 19 00:00:55 CET 2018 [ 110 76 35 13 9 11 17 45 70 84 51 85 
Fri Jan 19 00:00:55 CET 2018 [ 80 47 31 16 11 11 23 45 53 96 81 87 
Fri Jan 19 00:00:55 CET 2018 [ 96 61 36 18 7 10 23 67 81 103 68 96 
Sat Jan 20 00:00:43 CET 2018 [ 83 49 97 39 27 36 121 273 303 259 183 167 
Sat Jan 20 00:00:43 CET 2018 [ 75 59 88 57 31 33 139 291 318 258 191 166 
Sat Jan 20 00:00:43 CET 2018 [ 56 59 93 50 33 25 123 272 284 236 189 180 
Sun Jan 21 00:00:09 CET 2018 [ 113 86 123 64 37 48 132 157 92 100 137 129 
Sun Jan 21 00:00:09 CET 2018 [ 138 76 133 76 35 41 101 166 95 126 136 160 
Sun Jan 21 00:00:09 CET 2018 [ 116 92 117 72 42 36 97 167 70 133 132 180 
Mon Jan 22 00:01:36 CET 2018 [ 138 104 89 57 30 30 54 97 157 176 125 74 
Mon Jan 22 00:01:36 CET 2018 [ 137 129 99 67 31 32 66 100 170 185 103 76 
Mon Jan 22 00:01:36 CET 2018 [ 133 125 81 61 35 22 54 93 167 163 92 68 
Tue Jan 23 00:00:38 CET 2018 [ 29 73 97 44 25 42 147 232 311 334 234 162 
Tue Jan 23 00:00:38 CET 2018 [ 41 104 110 41 21 30 135 222 314 339 224 175 
Tue Jan 23 00:00:38 CET 2018 [ 22 68 115 43 26 28 119 241 314 328 246 160 
Wed Jan 24 00:00:03 CET 2018 [ 166 182 116 61 29 36 108 366 420 298 232 180 
Wed Jan 24 00:00:03 CET 2018 [ 164 144 121 49 27 35 123 333 385 318 241 203 
Wed Jan 24 00:00:03 CET 2018 [ 150 146 122 53 36 46 130 361 368 324 231 193 
Thu Jan 25 00:00:20 CET 2018 [ 160 132 129 70 31 48 179 332 315 309 248 189 
Thu Jan 25 00:00:20 CET 2018 [ 156 148 114 66 46 46 176 301 351 298 208 168 
Thu Jan 25 00:00:20 CET 2018 [ 176 129 149 74 41 55 182 320 325 310 272 175 
Fri Jan 26 00:00:03 CET 2018 [ 114 166 134 59 43 56 171 351 364 313 306 281 
Fri Jan 26 00:00:03 CET 2018 [ 139 196 141 71 36 55 169 296 379 314 322 284 
Fri Jan 26 00:00:03 CET 2018 [ 111 187 137 64 38 45 158 288 376 329 341 297 
Sat Jan 27 00:00:59 CET 2018 [ 213 292 214 112 78 41 189 250 276 172 138 126 
Sat Jan 27 00:00:59 CET 2018 [ 205 277 236 87 56 79 193 280 274 173 144 132 
Sat Jan 27 00:00:59 CET 2018 [ 220 260 224 109 57 71 207 278 265 194 163 116 
Sun Jan 28 00:00:01 CET 2018 [ 120 80 69 42 28 24 61 130 136 78 61 77 
Sun Jan 28 00:00:01 CET 2018 [ 95 88 61 31 16 36 41 130 158 59 49 79 
Sun Jan 28 00:00:01 CET 2018 [ 83 68 67 40 30 26 50 129 181 71 52 73 
Mon Jan 29 00:00:07 CET 2018 [ 81 112 77 35 16 8 24 102 140 99 74 57 
Mon Jan 29 00:00:07 CET 2018 [ 76 91 64 37 13 8 38 100 125 101 71 68 
Mon Jan 29 00:00:07 CET 2018 [ 78 100 84 39 11 14 26 111 120 98 62 67 
Tue Jan 30 00:00:36 CET 2018 [ 28 84 100 50 22 36 134 342 427 365 239 163 
Tue Jan 30 00:00:36 CET 2018 [ 36 87 93 53 43 35 152 331 442 325 264 145 
Tue Jan 30 00:00:36 CET 2018 [ 36 88 105 55 28 44 142 346 411 325 276 148 
Wed Jan 31 00:00:20 CET 2018 [ 245 239 176 71 43 50 141 282 411 226 168 154 
Wed Jan 31 00:00:20 CET 2018 [ 255 238 163 85 38 46 161 312 435 269 166 149 
Wed Jan 31 00:00:20 CET 2018 [ 197 256 139 89 53 63 150 317 449 270 145 164 
Thu Feb 01 00:00:58 CET 2018 [ 142 114 63 36 13 6 42 72 86 83 42 15 
Thu Feb 01 00:00:58 CET 2018 [ 156 98 88 37 13 15 54 69 77 61 42 14 
Thu Feb 01 00:00:58 CET 2018 [ 152 92 72 29 17 11 34 75 93 72 35 27 
Fri Feb 02 00:00:45 CET 2018 [ 13 22 37 38 15 28 123 221 241 233 223 182 
Fri Feb 02 00:00:45 CET 2018 [ 15 32 36 37 25 26 123 226 258 214 214 185 
Fri Feb 02 00:00:45 CET 2018 [ 10 30 44 45 22 30 115 244 237 220 194 174 
Sat Feb 03 00:00:30 CET 2018 [ 148 147 138 96 60 52 200 435 432 325 357 237 
Sat Feb 03 00:00:30 CET 2018 [ 125 159 149 91 45 65 190 432 489 335 345 248 
Sat Feb 03 00:00:30 CET 2018 [ 132 132 138 75 43 56 234 423 418 337 300 217 
Sun Feb 04 00:02:31 CET 2018 [ 168 120 125 76 34 40 107 172 173 100 119 121 
Sun Feb 04 00:02:31 CET 2018 [ 184 99 113 74 49 42 96 173 152 143 103 111 
Sun Feb 04 00:02:31 CET 2018 [ 171 100 120 88 41 40 118 198 166 113 130 103 
Mon Feb 05 00:00:00 CET 2018 [ 81 81 50 13 17 18 69 126 144 82 64 76 
Mon Feb 05 00:00:00 CET 2018 [ 82 77 63 25 17 14 62 158 128 113 68 90 
Mon Feb 05 00:00:00 CET 2018 [ 65 67 74 28 22 19 48 136 141 79 45 57 
Tue Feb 06 00:00:27 CET 2018 [ 32 52 93 56 31 31 101 304 477 400 304 353 
Tue Feb 06 00:00:27 CET 2018 [ 34 40 102 49 23 25 88 354 430 410 321 362 
Tue Feb 06 00:00:27 CET 2018 [ 42 55 90 64 35 20 108 347 466 408 305 306 
Wed Feb 07 00:00:02 CET 2018 [ 195 126 83 46 27 26 116 307 313 222 219 287 
Wed Feb 07 00:00:02 CET 2018 [ 213 92 91 47 31 46 112 298 292 230 198 295 
Wed Feb 07 00:00:02 CET 2018 [ 195 103 85 45 30 30 140 281 297 258 189 311 
Thu Feb 08 00:00:06 CET 2018 [ 167 150 86 56 37 25 136 347 329 277 232 152 
Thu Feb 08 00:00:06 CET 2018 [ 180 156 101 42 30 39 153 352 333 319 205 148 
Thu Feb 08 00:00:06 CET 2018 [ 169 145 91 46 26 35 165 316 367 280 210 151 
Fri Feb 09 00:00:43 CET 2018 [ 101 121 124 37 28 49 148 264 299 197 158 175 
Fri Feb 09 00:00:43 CET 2018 [ 98 110 111 51 45 43 163 273 344 204 197 169 
Fri Feb 09 00:00:43 CET 2018 [ 86 102 111 43 35 42 154 287 356 258 189 179 
Sat Feb 10 00:00:07 CET 2018 [ 168 156 100 76 35 42 121 215 211 192 185 228 
Sat Feb 10 00:00:07 CET 2018 [ 161 176 129 81 41 50 123 242 238 210 213 219 
Sat Feb 10 00:00:07 CET 2018 [ 147 161 130 79 45 57 123 201 232 194 185 204 
Sun Feb 11 00:01:53 CET 2018 [ 159 132 176 103 42 50 142 255 162 138 78 98 
Sun Feb 11 00:01:53 CET 2018 [ 190 118 153 91 54 53 176 299 165 114 92 106 
Sun Feb 11 00:01:53 CET 2018 [ 169 116 161 90 55 52 172 286 155 120 74 87 
Mon Feb 12 00:00:14 CET 2018 [ 108 157 138 76 36 49 77 158 199 93 85 163 
Mon Feb 12 00:00:14 CET 2018 [ 120 127 94 77 30 32 79 149 171 111 85 134 
Mon Feb 12 00:00:14 CET 2018 [ 105 145 105 84 46 37 86 163 190 89 106 160 
Tue Feb 13 00:00:31 CET 2018 [ 107 86 79 50 20 29 119 298 299 338 292 192 
Tue Feb 13 00:00:31 CET 2018 [ 103 98 93 45 17 36 128 301 313 338 271 225 
Tue Feb 13 00:00:31 CET 2018 [ 99 85 75 46 33 28 124 286 299 361 303 192 
Wed Feb 14 00:00:00 CET 2018 [ 126 148 92 60 25 31 113 292 373 354 289 262 
Wed Feb 14 00:00:00 CET 2018 [ 142 152 111 54 27 32 132 222 388 389 298 243 
Wed Feb 14 00:00:00 CET 2018 [ 139 137 91 69 27 24 124 285 394 320 285 242 
Thu Feb 15 00:00:01 CET 2018 [ 165 127 105 55 19 28 110 231 375 422 315 324 
Thu Feb 15 00:00:01 CET 2018 [ 175 114 104 51 22 34 93 250 432 390 283 371 
Thu Feb 15 00:00:01 CET 2018 [ 190 133 84 59 26 29 72 252 383 423 278 353 
Fri Feb 16 00:00:05 CET 2018 [ 200 165 155 86 47 55 207 464 512 322 214 320 
Fri Feb 16 00:00:05 CET 2018 [ 185 167 178 115 59 60 240 500 480 304 251 297 
Fri Feb 16 00:00:05 CET 2018 [ 152 169 147 97 42 54 233 447 481 310 239 313 
Sat Feb 17 00:00:02 CET 2018 [ 226 135 104 98 58 64 214 427 450 335 420 241 
Sat Feb 17 00:00:02 CET 2018 [ 190 161 148 101 73 72 248 411 435 359 411 294 
Sat Feb 17 00:00:02 CET 2018 [ 193 159 125 82 55 62 205 398 422 324 407 304 
Sun Feb 18 00:00:03 CET 2018 [ 139 111 128 71 44 46 138 230 177 77 84 210 
Sun Feb 18 00:00:03 CET 2018 [ 145 96 108 88 65 55 119 188 183 72 87 156 
Sun Feb 18 00:00:03 CET 2018 [ 150 92 105 68 44 36 131 247 183 72 75 176 
Mon Feb 19 00:04:14 CET 2018 [ 169 155 138 59 45 45 106 217 167 69 33 13 
Mon Feb 19 00:04:14 CET 2018 [ 136 163 130 73 42 49 101 194 182 83 22 20 
Mon Feb 19 00:04:14 CET 2018 [ 135 155 130 81 37 47 90 184 190 74 27 23 
Tue Feb 20 00:01:14 CET 2018 [ 16 73 65 57 29 27 83 189 190 142 72 54 
Tue Feb 20 00:01:14 CET 2018 [ 18 70 70 39 21 14 115 202 183 132 63 48 
Tue Feb 20 00:01:14 CET 2018 [ 28 70 77 45 22 36 66 187 195 130 52 66 
Wed Feb 21 00:00:00 CET 2018 [ 20 91 84 47 25 42 132 337 385 327 283 228 
Wed Feb 21 00:00:00 CET 2018 [ 15 96 83 59 22 23 113 317 375 367 274 279 
Wed Feb 21 00:00:00 CET 2018 [ 15 93 81 45 40 41 135 272 397 370 260 239 
Thu Feb 22 00:00:04 CET 2018 [ 216 160 123 71 40 45 179 397 456 323 236 238 
Thu Feb 22 00:00:04 CET 2018 [ 182 148 136 86 41 40 168 430 501 321 226 264 
Thu Feb 22 00:00:04 CET 2018 [ 199 183 110 76 45 41 178 378 517 321 234 253 
Fri Feb 23 00:00:14 CET 2018 [ 191 108 146 86 29 51 151 265 415 295 183 132 
Fri Feb 23 00:00:14 CET 2018 [ 192 97 133 88 54 37 159 296 445 285 181 142 
Fri Feb 23 00:00:14 CET 2018 [ 202 108 141 85 50 50 148 302 430 269 200 148 
Sat Feb 24 00:00:07 CET 2018 [ 108 129 146 92 54 79 240 463 637 428 347 266 
Sat Feb 24 00:00:07 CET 2018 [ 117 147 167 123 46 58 251 439 573 402 352 255 
Sat Feb 24 00:00:07 CET 2018 [ 121 134 167 103 58 54 263 495 588 410 386 225 
Sun Feb 25 00:00:14 CET 2018 [ 185 84 87 52 27 30 70 132 124 53 72 113 
Sun Feb 25 00:00:14 CET 2018 [ 150 88 81 48 24 42 80 118 134 54 69 107 
Sun Feb 25 00:00:14 CET 2018 [ 159 108 82 45 32 18 76 137 134 65 66 104 
Mon Feb 26 00:00:52 CET 2018 [ 99 115 74 45 34 23 88 163 156 130 77 53 
Mon Feb 26 00:00:52 CET 2018 [ 97 122 79 55 34 26 76 181 176 126 62 54 
Mon Feb 26 00:00:52 CET 2018 [ 113 95 65 47 34 24 75 136 184 127 72 35 
Tue Feb 27 00:00:07 CET 2018 [ 32 91 102 59 25 32 149 301 384 333 217 148 
Tue Feb 27 00:00:07 CET 2018 [ 25 93 93 48 22 31 134 290 447 344 247 143 
Tue Feb 27 00:00:07 CET 2018 [ 36 99 80 55 29 45 134 309 423 358 236 129 
Wed Feb 28 00:00:56 CET 2018 [ 214 202 157 91 50 45 181 339 372 232 213 327 
Wed Feb 28 00:00:56 CET 2018 [ 194 221 177 99 51 63 191 331 392 262 201 345 
Wed Feb 28 00:00:56 CET 2018 [ 216 221 167 90 70 56 192 320 391 279 222 320 
Thu Mar 01 00:09:14 CET 2018 [ 238 127 112 48 26 46 107 127 140 114 73 40 
Thu Mar 01 00:09:14 CET 2018 [ 225 127 114 71 26 26 111 138 143 110 101 29 
Thu Mar 01 00:09:14 CET 2018 [ 234 135 101 58 27 51 102 155 145 111 86 33 
Fri Mar 02 00:06:06 CET 2018 [ 10 28 9 4 3 4 1 12 19 29 10 9 
Fri Mar 02 00:06:06 CET 2018 [ 18 23 16 3 2 2 5 7 20 36 13 6 
Fri Mar 02 00:06:06 CET 2018 [ 19 34 11 11 0 1 4 8 12 25 12 7 
Sat Mar 03 00:11:30 CET 2018 [ 5 4 1 1 2 0 1 8 11 4 2 3 
Sat Mar 03 00:11:30 CET 2018 [ 5 6 3 1 1 0 3 12 7 6 4 6 
Sat Mar 03 00:11:30 CET 2018 [ 5 4 1 1 2 2 1 10 2 6 6 4 
Sun Mar 04 00:03:39 CET 2018 [ 0 0 3 2 0 1 2 3 5 6 3 0 
Sun Mar 04 00:03:39 CET 2018 [ 5 4 4 1 0 1 1 3 8 4 6 4 
Sun Mar 04 00:03:39 CET 2018 [ 4 6 2 0 2 0 2 5 4 2 5 2 
Mon Mar 05 00:34:21 CET 2018 [ 2 1 0 2 1 0 3 5 2 5 6 0 
Mon Mar 05 00:34:21 CET 2018 [ 9 2 0 1 0 1 1 4 3 3 4 3 
Mon Mar 05 00:34:21 CET 2018 [ 0 1 0 2 0 0 3 5 6 1 7 3 
Tue Mar 06 00:13:15 CET 2018 [ 4 0 2 0 0 0 2 3 1 2 2 1 
Tue Mar 06 00:13:15 CET 2018 [ 1 2 1 2 0 0 0 2 6 1 5 1 
Tue Mar 06 00:13:15 CET 2018 [ 3 0 0 2 0 0 3 2 1 2 5 3 
Wed Mar 07 00:07:56 CET 2018 [ 0 1 3 2 0 1 1 6 8 8 7 3 
Wed Mar 07 00:07:56 CET 2018 [ 3 0 2 1 0 0 4 5 9 12 8 2 
Wed Mar 07 00:07:56 CET 2018 [ 2 4 1 1 0 0 0 8 12 9 5 5 
Thu Mar 08 01:42:16 CET 2018 [ 2 1 0 4 1 0 0 0 4 3 3 0 
Thu Mar 08 01:42:16 CET 2018 [ 1 5 0 2 3 1 1 1 2 1 4 0 
Thu Mar 08 01:42:16 CET 2018 [ 4 2 3 0 0 0 1 1 6 2 2 0 
Fri Mar 09 00:39:14 CET 2018 [ 1 0 1 0 0 0 3 4 3 6 2 0 
Fri Mar 09 00:39:14 CET 2018 [ 0 0 1 0 0 0 1 5 6 10 1 0 
Fri Mar 09 00:39:14 CET 2018 [ 0 0 0 0 0 0 1 7 3 1 2 1 
Sat Mar 10 02:45:01 CET 2018 [ 1 1 2 1 0 0 0 1 0 2 3 2 
Sat Mar 10 02:45:01 CET 2018 [ 1 1 1 0 0 1 0 0 1 1 2 1 
Sat Mar 10 02:45:01 CET 2018 [ 0 3 2 0 0 0 1 0 0 0 1 1 
Sun Mar 11 00:51:29 CET 2018 [ 0 0 0 0 0 0 0 0 0 0 0 0 
Sun Mar 11 00:51:29 CET 2018 [ 0 0 0 1 0 0 0 0 1 2 1 2 
Sun Mar 11 00:51:29 CET 2018 [ 1 0 0 0 0 0 0 0 0 1 0 0 
Mon Mar 12 01:33:46 CET 2018 [ 1 0 0 0 0 0 0 0 0 1 1 0 
Mon Mar 12 01:33:46 CET 2018 [ 0 0 1 0 0 0 1 0 1 0 0 1 
Mon Mar 12 01:33:46 CET 2018 [ 0 1 0 0 0 0 0 1 0 0 0 0 
Tue Mar 13 02:50:52 CET 2018 [ 0 0 0 0 0 1 0 1 2 3 0 0 
Tue Mar 13 02:50:52 CET 2018 [ 0 0 2 0 0 0 0 0 3 1 2 0 
Tue Mar 13 02:50:52 CET 2018 [ 0 1 0 0 0 1 0 1 1 0 0 1 
Wed Mar 14 04:59:25 CET 2018 [ 0 3 2 0 0 0 0 0 0 0 0 0 
Wed Mar 14 04:59:25 CET 2018 [ 0 0 1 1 0 0 1 2 0 0 0 1 
Wed Mar 14 04:59:25 CET 2018 [ 0 2 0 1 0 0 0 0 0 1 2 1 
Thu Mar 15 00:28:10 CET 2018 [ 0 0 0 0 0 0 1 0 1 0 0 1 
Thu Mar 15 00:28:10 CET 2018 [ 0 0 0 0 0 0 0 0 2 0 0 0 
Thu Mar 15 00:28:10 CET 2018 [ 1 0 0 0 0 0 0 1 0 2 0 0 
Fri Mar 16 00:20:30 CET 2018 [ 1 0 0 0 0 0 0 0 4 1 0 0 
Fri Mar 16 00:20:30 CET 2018 [ 1 0 0 0 0 0 0 0 9 1 0 0 
Fri Mar 16 00:20:30 CET 2018 [ 1 0 0 0 0 0 0 1 0 1 0 2 
Sat Mar 17 04:38:28 CET 2018 [ 2 1 1 0 0 0 1 0 0 0 0 0 
Sat Mar 17 04:38:28 CET 2018 [ 1 0 0 0 0 0 0 0 0 0 0 0 
Sat Mar 17 04:38:28 CET 2018 [ 0 1 0 0 0 0 0 1 0 0 0 0 
Sun Mar 18 02:20:13 CET 2018 [ 0 1 0 0 0 0 0 0 0 0 0 0 
Sun Mar 18 02:20:13 CET 2018 [ 0 0 0 0 0 0 0 1 0 0 0 0 
Sun Mar 18 02:20:13 CET 2018 [ 0 0 0 0 0 0 0 0 0 0 0 0 
Mon Mar 19 01:47:13 CET 2018 [ 1 0 0 0 0 1 0 0 0 0 0 0 
Mon Mar 19 01:47:13 CET 2018 [ 0 0 0 0 0 0 0 0 0 0 1 0 
Mon Mar 19 01:47:13 CET 2018 [ 0 0 0 0 0 0 0 1 1 0 0 0 
Tue Mar 20 02:36:00 CET 2018 [ 0 1 1 1 0 0 0 0 0 3 0 0 
Tue Mar 20 02:36:00 CET 2018 [ 0 0 0 0 0 0 0 0 0 2 0 1 
Tue Mar 20 02:36:00 CET 2018 [ 0 1 0 0 0 0 0 2 0 0 0 0 
Wed Mar 21 01:19:50 CET 2018 [ 0 0 0 0 0 0 0 0 1 1 1 0 
Wed Mar 21 01:19:50 CET 2018 [ 0 0 0 0 0 0 0 0 0 0 0 0 
Wed Mar 21 01:19:50 CET 2018 [ 1 1 0 0 0 0 0 1 0 1 0 0 
Thu Mar 22 08:55:43 CET 2018 [ 0 0 0 0 1 0 0 1 0 0 0 0 
Thu Mar 22 08:55:43 CET 2018 [ 0 0 0 0 0 0 0 0 0 1 0 0 
Thu Mar 22 08:55:43 CET 2018 [ 0 1 0 0 1 0 1 0 0 0 0 0 
Fri Mar 23 01:05:06 CET 2018 [ 1 0 0 0 0 0 0 0 1 0 0 1 
Fri Mar 23 01:05:06 CET 2018 [ 0 0 0 0 0 0 1 1 0 0 0 0 
Fri Mar 23 01:05:06 CET 2018 [ 0 0 0 0 0 0 0 2 0 0 0 0 
Sat Mar 24 00:41:07 CET 2018 [ 0 0 0 0 0 0 2 0 3 2 1 1 
Sat Mar 24 00:41:07 CET 2018 [ 2 1 0 0 1 0 0 0 2 2 4 0 
Sat Mar 24 00:41:07 CET 2018 [ 0 1 0 0 0 0 0 0 1 1 1 0 
Sun Mar 25 03:15:37 CEST 2018 [ 0 1 0 0 0 0 0 0 0 0 0 0 
Sun Mar 25 03:15:37 CEST 2018 [ 0 1 1 0 0 0 0 0 0 1 0 1 
Sun Mar 25 03:15:37 CEST 2018 [ 1 0 0 0 0 0 0 0 0 0 0 0 
Mon Mar 26 03:30:42 CEST 2018 [ 0 0 0 0 0 0 0 0 2 0 0 2 
Mon Mar 26 03:30:42 CEST 2018 [ 0 1 0 0 0 1 0 1 0 0 1 0 
Mon Mar 26 03:30:42 CEST 2018 [ 0 1 0 0 0 0 0 0 0 1 1 0 
Tue Mar 27 00:56:40 CEST 2018 [ 0 0 0 0 0 0 0 0 0 0 0 0 
Tue Mar 27 00:56:40 CEST 2018 [ 0 1 0 0 0 0 0 1 2 0 0 0 
Tue Mar 27 00:56:40 CEST 2018 [ 0 0 0 0 0 0 0 4 0 0 1 2 
Wed Mar 28 00:02:28 CEST 2018 [ 0 1 1 0 0 1 0 0 0 0 0 1 
Wed Mar 28 00:02:28 CEST 2018 [ 0 5 0 0 0 0 0 3 1 1 0 0 
Wed Mar 28 00:02:28 CEST 2018 [ 1 2 2 0 0 0 0 0 3 0 1 0 
Thu Mar 29 00:27:15 CEST 2018 [ 2 0 0 0 0 1 0 0 1 0 2 0 
Thu Mar 29 00:27:15 CEST 2018 [ 2 1 0 0 0 0 0 0 2 0 0 2 
Thu Mar 29 00:27:15 CEST 2018 [ 2 0 0 1 1 0 0 1 0 0 0 2 
Fri Mar 30 03:53:39 CEST 2018 [ 0 2 1 0 0 0 0 1 0 2 1 0 
Fri Mar 30 03:53:39 CEST 2018 [ 1 1 0 0 0 0 0 0 1 0 0 0 
Fri Mar 30 03:53:39 CEST 2018 [ 0 0 0 0 0 0 0 1 2 0 0 0 
Sat Mar 31 15:08:02 CEST 2018 [ 0 0 1 0 0 0 0 2 0 0 0 0 
Sat Mar 31 15:08:02 CEST 2018 [ 0 0 0 0 0 0 0 0 0 0 0 0 
Sat Mar 31 15:08:02 CEST 2018 [ 0 0 0 0 0 0 0 0 0 0 0 0 
Sun Apr 01 16:11:01 CEST 2018 [ 0 0 0 1 0 0 0 1 0 0 0 0 
Sun Apr 01 16:11:01 CEST 2018 [ 0 0 0 0 0 0 0 1 1 1 0 0 
Sun Apr 01 16:11:01 CEST 2018 [ 0 0 0 0 0 0 0 0 0 0 0 2 
Mon Apr 02 16:38:47 CEST 2018 [ 1 0 0 0 0 0 0 1 0 0 0 0 
Mon Apr 02 16:38:47 CEST 2018 [ 0 1 0 0 0 0 0 1 0 2 0 0 
Mon Apr 02 16:38:47 CEST 2018 [ 0 0 0 0 0 0 0 0 0 0 0 0 
Tue Apr 03 14:25:11 CEST 2018 [ 0 0 0 0 0 0 0 0 1 0 0 1 
Tue Apr 03 14:25:11 CEST 2018 [ 0 0 0 0 0 0 0 0 1 1 0 2 
Tue Apr 03 14:25:11 CEST 2018 [ 0 1 0 0 0 0 1 0 0 1 0 0 
Wed Apr 04 13:49:03 CEST 2018 [ 0 0 0 0 0 0 0 2 1 1 0 1 
Wed Apr 04 13:49:03 CEST 2018 [ 0 1 0 0 0 0 1 0 2 0 0 0 
Wed Apr 04 13:49:03 CEST 2018 [ 0 0 0 1 0 0 0 1 2 0 0 0 
Thu Apr 05 14:34:46 CEST 2018 [ 0 0 0 0 0 0 0 0 0 0 0 0 
Thu Apr 05 14:34:46 CEST 2018 [ 1 0 0 0 0 0 0 1 0 0 1 0 
Thu Apr 05 14:34:46 CEST 2018 [ 0 0 0 0 0 1 1 2 1 0 0 0 
Fri Apr 06 13:45:44 CEST 2018 [ 0 0 1 0 0 0 0 0 0 0 0 0 
Fri Apr 06 13:45:44 CEST 2018 [ 0 0 0 0 0 0 0 1 1 1 0 0 
Fri Apr 06 13:45:44 CEST 2018 [ 0 1 0 0 0 0 1 1 0 0 0 2 
Sat Apr 07 16:49:13 CEST 2018 [ 0 0 1 0 0 0 0 0 0 0 0 0 
Sat Apr 07 16:49:13 CEST 2018 [ 0 0 0 0 0 0 0 1 0 0 0 0 
Sat Apr 07 16:49:13 CEST 2018 [ 1 0 0 0 0 0 0 0 0 0 1 0 
Sun Apr 08 12:47:56 CEST 2018 [ 0 0 0 0 0 0 0 0 0 0 0 0 
Sun Apr 08 12:47:56 CEST 2018 [ 0 0 0 0 0 1 0 0 0 0 0 0 
Sun Apr 08 12:47:56 CEST 2018 [ 0 0 0 0 0 0 0 0 0 0 0 0 
Mon Apr 09 14:12:10 CEST 2018 [ 0 0 0 0 0 0 1 0 0 0 0 0 
Mon Apr 09 14:12:10 CEST 2018 [ 0 0 0 0 0 0 0 0 0 0 0 0 
Mon Apr 09 14:12:10 CEST 2018 [ 0 0 0 0 0 0 0 1 0 0 0 0 
Tue Apr 10 16:20:38 CEST 2018 [ 0 0 0 1 0 0 0 1 0 0 0 0 
Tue Apr 10 16:20:38 CEST 2018 [ 0 0 0 0 0 0 0 2 0 0 0 1 
Tue Apr 10 16:20:38 CEST 2018 [ 0 0 0 0 0 0 0 0 1 1 0 0 
Wed Apr 11 14:48:52 CEST 2018 [ 0 0 0 1 3 0 0 0 0 0 1 0 
Wed Apr 11 14:48:52 CEST 2018 [ 0 0 0 3 5 0 1 0 1 0 0 0 
Wed Apr 11 14:48:52 CEST 2018 [ 0 0 0 5 3 1 0 0 0 0 0 0 
Thu Apr 12 20:12:44 CEST 2018 [ 0 0 0 0 0 0 0 0 0 0 0 0 
Thu Apr 12 20:12:44 CEST 2018 [ 0 1 1 0 0 0 0 2 0 0 0 0 
Thu Apr 12 20:12:44 CEST 2018 [ 0 1 0 0 0 0 0 1 0 2 1 1 
Fri Apr 13 16:10:27 CEST 2018 [ 0 0 0 0 0 0 0 0 0 0 0 0 
Fri Apr 13 16:10:27 CEST 2018 [ 0 0 0 0 0 0 0 1 0 0 0 1 
Fri Apr 13 16:10:27 CEST 2018 [ 0 0 0 0 0 0 0 0 0 0 0 0 
Sat Apr 14 20:10:47 CEST 2018 [ 0 0 0 0 0 0 0 0 1 1 0 1 
Sat Apr 14 20:10:47 CEST 2018 [ 0 0 0 0 0 0 0 0 0 1 0 0 
Sat Apr 14 20:10:47 CEST 2018 [ 0 0 0 0 0 0 0 0 0 0 0 0 
Sun Apr 15 17:55:14 CEST 2018 [ 0 0 0 0 0 0 0 0 0 0 0 0 
Sun Apr 15 17:55:14 CEST 2018 [ 0 0 0 0 0 0 0 0 1 0 0 0 
Sun Apr 15 17:55:14 CEST 2018 [ 0 0 0 0 0 0 0 0 0 0 0 0 
Mon Apr 16 16:31:05 CEST 2018 [ 1 0 0 1 0 0 0 1 0 1 0 0 
Mon Apr 16 16:31:05 CEST 2018 [ 0 1 0 0 0 0 0 0 0 0 0 0 
Mon Apr 16 16:31:05 CEST 2018 [ 0 0 0 0 0 0 0 0 0 0 0 0 
Tue Apr 17 13:27:49 CEST 2018 [ 0 0 0 0 0 0 1 0 1 0 0 0 
Tue Apr 17 13:27:49 CEST 2018 [ 1 0 0 1 0 0 0 0 0 1 0 1 
Tue Apr 17 13:27:49 CEST 2018 [ 0 0 0 0 0 0 0 0 0 0 0 0 
Wed Apr 18 15:02:49 CEST 2018 [ 0 0 0 0 0 0 0 0 1 0 0 1 
Wed Apr 18 15:02:49 CEST 2018 [ 0 0 0 0 0 0 0 2 0 1 1 1 
Wed Apr 18 15:02:49 CEST 2018 [ 0 0 1 0 0 0 0 1 1 0 0 0 