
Mon Jan 01 01:47:41 CET 2018 [ 1 0 0 0 0 0 0 0 0 0 0 0 
Mon Jan 01 01:47:41 CET 2018 [ 0 0 0 0 0 0 0 0 0 0 0 0 
Mon Jan 01 01:47:41 CET 2018 [ 0 0 0 0 0 0 0 0 0 0 0 0 
Tue Jan 02 00:03:07 CET 2018 [ 2 1 5 7 2 2 6 52 39 52 37 31 
Tue Jan 02 00:03:07 CET 2018 [ 0 2 6 2 2 1 14 43 37 52 43 30 
Tue Jan 02 00:03:07 CET 2018 [ 0 0 9 4 4 4 12 42 44 57 34 33 
Wed Jan 03 00:00:04 CET 2018 [ 33 22 84 42 25 28 120 286 332 263 310 210 
Wed Jan 03 00:00:04 CET 2018 [ 30 27 89 39 33 45 113 253 278 276 277 214 
Wed Jan 03 00:00:04 CET 2018 [ 31 24 74 62 34 30 102 272 323 292 311 209 
Thu Jan 04 00:00:01 CET 2018 [ 192 128 158 109 58 73 206 537 639 618 688 512 
Thu Jan 04 00:00:01 CET 2018 [ 186 121 170 83 59 72 225 523 591 583 655 530 
Thu Jan 04 00:00:01 CET 2018 [ 178 119 174 96 52 62 248 532 644 561 655 530 
Fri Jan 05 00:00:13 CET 2018 [ 372 283 232 153 93 119 329 812 911 853 922 649 
Fri Jan 05 00:00:13 CET 2018 [ 368 250 284 130 98 114 331 768 833 771 886 664 
Fri Jan 05 00:00:13 CET 2018 [ 365 257 269 135 82 106 377 779 906 771 889 684 
Sat Jan 06 00:00:02 CET 2018 [ 451 459 378 237 142 181 473 1195 1384 1175 1359 917 
Sat Jan 06 00:00:02 CET 2018 [ 476 417 425 208 135 162 508 1108 1220 1083 1296 950 
Sat Jan 06 00:00:02 CET 2018 [ 469 414 403 209 109 149 566 1133 1360 1075 1328 992 
Sun Jan 07 00:02:47 CET 2018 [ 595 570 487 290 178 216 575 1388 1512 1235 1390 936 
Sun Jan 07 00:02:47 CET 2018 [ 629 532 499 270 147 178 665 1312 1495 1156 1365 1013 
Sun Jan 07 00:02:47 CET 2018 [ 655 530 512 249 169 193 605 1282 1352 1146 1347 970 
Mon Jan 08 00:01:54 CET 2018 [ 611 578 497 300 182 221 591 1447 1596 1306 1438 988 
Mon Jan 08 00:01:54 CET 2018 [ 648 545 510 273 155 184 682 1372 1599 1226 1396 1061 
Mon Jan 08 00:01:54 CET 2018 [ 671 538 518 255 173 200 619 1359 1451 1213 1394 1012 
Tue Jan 09 00:00:06 CET 2018 [ 646 625 548 340 193 249 674 1717 1896 1649 1673 1347 
Tue Jan 09 00:00:06 CET 2018 [ 696 583 584 291 197 224 710 1624 1736 1548 1657 1335 
Tue Jan 09 00:00:06 CET 2018 [ 679 590 572 306 173 211 791 1661 1910 1544 1652 1399 
Wed Jan 10 00:00:55 CET 2018 [ 885 792 663 412 223 280 813 2039 2348 2000 1848 1566 
Wed Jan 10 00:00:55 CET 2018 [ 895 773 693 377 205 243 922 1996 2303 1927 1851 1612 
Wed Jan 10 00:00:55 CET 2018 [ 933 792 718 350 236 262 819 1967 2201 1927 1846 1565 
Thu Jan 11 00:00:01 CET 2018 [ 871 809 657 405 221 260 792 1986 2356 1869 1677 1540 
Thu Jan 11 00:00:01 CET 2018 [ 909 790 718 354 233 257 785 1913 2183 1807 1665 1514 
Thu Jan 11 00:00:01 CET 2018 [ 873 783 690 363 200 236 866 1953 2288 1835 1733 1561 
Fri Jan 12 00:00:42 CET 2018 [ 1044 921 742 453 241 288 949 2273 2725 2155 1870 1699 
Fri Jan 12 00:00:42 CET 2018 [ 1038 899 773 405 223 260 1015 2277 2671 2131 1923 1724 
Fri Jan 12 00:00:42 CET 2018 [ 1069 899 797 399 251 294 928 2228 2590 2115 1850 1677 
Sat Jan 13 00:00:36 CET 2018 [ 1130 868 752 450 238 275 973 2162 2528 2164 1683 1615 
Sat Jan 13 00:00:36 CET 2018 [ 1083 854 794 403 249 266 975 2209 2501 2142 1686 1558 
Sat Jan 13 00:00:36 CET 2018 [ 1073 851 820 396 254 305 899 2153 2509 2140 1700 1530 
Sun Jan 14 00:00:56 CET 2018 [ 1233 966 880 534 272 314 1062 2335 2647 2204 1741 1728 
Sun Jan 14 00:00:56 CET 2018 [ 1179 960 945 480 296 348 1016 2318 2606 2190 1757 1658 
Sun Jan 14 00:00:56 CET 2018 [ 1217 933 924 471 284 304 1077 2382 2579 2188 1750 1682 
Mon Jan 15 00:01:19 CET 2018 [ 1323 1046 940 556 299 332 1087 2422 2763 2266 1752 1704 
Mon Jan 15 00:01:19 CET 2018 [ 1257 1026 1005 515 320 354 1049 2373 2703 2262 1777 1645 
Mon Jan 15 00:01:19 CET 2018 [ 1271 978 972 515 301 323 1114 2460 2671 2246 1765 1668 
Tue Jan 16 00:00:45 CET 2018 [ 1309 1035 939 541 301 319 1063 2276 2635 2028 1581 1388 
Tue Jan 16 00:00:45 CET 2018 [ 1278 970 968 501 296 315 1053 2285 2521 2020 1569 1366 
Tue Jan 16 00:00:45 CET 2018 [ 1262 1008 980 509 321 352 1006 2206 2567 2037 1582 1364 
Wed Jan 17 00:01:13 CET 2018 [ 1402 1211 1047 588 330 347 1175 2566 2964 2331 1827 1500 
Wed Jan 17 00:01:13 CET 2018 [ 1350 1136 1088 567 357 387 1130 2509 2901 2354 1836 1479 
Wed Jan 17 00:01:13 CET 2018 [ 1351 1087 1074 574 328 346 1163 2578 2843 2347 1818 1464 
Thu Jan 18 00:00:01 CET 2018 [ 1303 1140 1028 582 326 354 1199 2703 2994 2553 1904 1404 
Thu Jan 18 00:00:01 CET 2018 [ 1284 1036 1056 562 320 342 1202 2698 2906 2537 1889 1366 
Thu Jan 18 00:00:01 CET 2018 [ 1260 1088 1060 553 359 398 1148 2601 2905 2556 1923 1386 
Fri Jan 19 00:00:55 CET 2018 [ 1393 1188 1051 599 335 367 1222 2761 3075 2632 1973 1502 
Fri Jan 19 00:00:55 CET 2018 [ 1386 1104 1096 576 329 352 1221 2742 2971 2642 1963 1454 
Fri Jan 19 00:00:55 CET 2018 [ 1353 1156 1099 569 368 407 1169 2656 2963 2655 1980 1468 
Sat Jan 20 00:00:43 CET 2018 [ 1286 1117 992 574 323 348 1189 2778 3104 2585 1916 1479 
Sat Jan 20 00:00:43 CET 2018 [ 1297 1049 1036 553 303 337 1187 2730 2995 2555 1919 1488 
Sat Jan 20 00:00:43 CET 2018 [ 1312 1095 1021 535 358 378 1154 2664 2949 2559 1932 1505 
Sun Jan 21 00:00:09 CET 2018 [ 1403 1206 1127 647 362 396 1315 2951 3188 2698 2059 1642 
Sun Jan 21 00:00:09 CET 2018 [ 1423 1127 1153 625 339 372 1293 2886 3081 2681 2049 1648 
Sun Jan 21 00:00:09 CET 2018 [ 1436 1182 1142 602 397 420 1252 2825 3036 2679 2064 1651 
Mon Jan 22 00:01:36 CET 2018 [ 1524 1328 1220 700 394 415 1385 3054 3344 2863 2180 1718 
Mon Jan 22 00:01:36 CET 2018 [ 1582 1239 1229 688 374 411 1349 2975 3259 2852 2150 1717 
Mon Jan 22 00:01:36 CET 2018 [ 1564 1306 1242 671 426 446 1300 2923 3196 2867 2162 1724 
Tue Jan 23 00:00:38 CET 2018 [ 1524 1364 1262 709 410 434 1459 3117 3440 3063 2340 1805 
Tue Jan 23 00:00:38 CET 2018 [ 1583 1280 1283 705 377 428 1415 3048 3372 3048 2279 1831 
Tue Jan 23 00:00:38 CET 2018 [ 1567 1371 1299 686 420 447 1374 3009 3324 3004 2271 1805 
Wed Jan 24 00:00:03 CET 2018 [ 1688 1527 1376 760 435 471 1571 3462 3820 3386 2574 2001 
Wed Jan 24 00:00:03 CET 2018 [ 1718 1525 1421 738 452 490 1496 3383 3733 3311 2505 1981 
Wed Jan 24 00:00:03 CET 2018 [ 1748 1435 1406 765 412 465 1542 3389 3756 3358 2515 2035 
Thu Jan 25 00:00:20 CET 2018 [ 1864 1663 1488 836 476 518 1766 3765 4180 3691 2819 2192 
Thu Jan 25 00:00:20 CET 2018 [ 1907 1561 1543 835 446 517 1709 3721 4071 3665 2755 2203 
Thu Jan 25 00:00:20 CET 2018 [ 1876 1672 1564 802 495 540 1671 3701 4049 3616 2748 2154 
Fri Jan 26 00:00:03 CET 2018 [ 1554 1537 1452 797 447 486 1630 3467 3839 3399 2617 2064 
Fri Jan 26 00:00:03 CET 2018 [ 1550 1553 1467 752 471 510 1574 3394 3707 3332 2603 2084 
Fri Jan 26 00:00:03 CET 2018 [ 1559 1412 1456 806 424 482 1570 3411 3734 3391 2604 2085 
Sat Jan 27 00:00:59 CET 2018 [ 1765 1810 1684 901 514 541 1842 3735 4114 3593 2748 2186 
Sat Jan 27 00:00:59 CET 2018 [ 1750 1849 1686 854 529 582 1766 3647 3996 3504 2769 2209 
Sat Jan 27 00:00:59 CET 2018 [ 1789 1672 1679 908 490 546 1755 3698 3985 3564 2752 2212 
Sun Jan 28 00:00:01 CET 2018 [ 1498 1596 1377 732 428 445 1568 3339 3945 3455 2575 1971 
Sun Jan 28 00:00:01 CET 2018 [ 1465 1480 1394 746 407 476 1509 3310 3841 3368 2578 1967 
Sun Jan 28 00:00:01 CET 2018 [ 1431 1609 1427 695 439 494 1502 3273 3838 3347 2575 2004 
Mon Jan 29 00:00:07 CET 2018 [ 1577 1694 1456 765 447 455 1599 3429 4085 3569 2644 2021 
Mon Jan 29 00:00:07 CET 2018 [ 1536 1577 1464 792 418 485 1541 3424 3969 3451 2641 2041 
Mon Jan 29 00:00:07 CET 2018 [ 1515 1717 1503 727 449 505 1527 3382 3955 3448 2650 2072 
Tue Jan 30 00:00:36 CET 2018 [ 1585 1705 1457 780 447 459 1598 3546 4195 3536 2654 1999 
Tue Jan 30 00:00:36 CET 2018 [ 1535 1582 1446 807 433 485 1548 3521 4078 3460 2657 2042 
Tue Jan 30 00:00:36 CET 2018 [ 1527 1715 1496 727 455 516 1548 3492 4077 3486 2699 2052 
Wed Jan 31 00:00:20 CET 2018 [ 1278 1440 1213 635 369 380 1282 2683 3190 2562 1893 1438 
Wed Jan 31 00:00:20 CET 2018 [ 1300 1341 1178 647 361 413 1230 2625 3122 2512 1863 1516 
Wed Jan 31 00:00:20 CET 2018 [ 1232 1432 1208 604 365 418 1245 2542 3052 2503 1933 1504 
Thu Feb 01 00:00:58 CET 2018 [ 1435 1533 1287 660 384 391 1332 2752 3278 2634 1937 1455 
Thu Feb 01 00:00:58 CET 2018 [ 1452 1438 1238 693 376 424 1268 2702 3202 2592 1899 1537 
Thu Feb 01 00:00:58 CET 2018 [ 1373 1546 1297 635 378 428 1287 2612 3140 2567 1972 1522 
Fri Feb 02 00:00:45 CET 2018 [ 1308 1375 1181 627 369 365 1280 2678 3140 2545 1870 1379 
Fri Feb 02 00:00:45 CET 2018 [ 1276 1385 1194 611 355 397 1240 2542 3020 2478 1848 1385 
Fri Feb 02 00:00:45 CET 2018 [ 1362 1292 1152 676 359 409 1230 2602 3077 2481 1752 1429 
Sat Feb 03 00:00:30 CET 2018 [ 1453 1515 1319 703 416 419 1489 3091 3598 2870 2211 1617 
Sat Feb 03 00:00:30 CET 2018 [ 1400 1526 1328 695 413 452 1441 2986 3475 2809 2196 1612 
Sat Feb 03 00:00:30 CET 2018 [ 1497 1449 1305 778 402 473 1444 3035 3503 2822 2065 1666 
Sun Feb 04 00:02:31 CET 2018 [ 1637 1617 1450 783 452 458 1582 3275 3758 2987 2343 1726 
Sun Feb 04 00:02:31 CET 2018 [ 1673 1572 1435 859 443 508 1569 3210 3668 2948 2161 1784 
Sun Feb 04 00:02:31 CET 2018 [ 1563 1620 1425 772 460 500 1544 3170 3641 2922 2320 1720 
Mon Feb 05 00:00:00 CET 2018 [ 1407 1381 1269 685 391 428 1497 3084 3401 2679 2151 1645 
Mon Feb 05 00:00:00 CET 2018 [ 1307 1388 1253 652 414 466 1486 2965 3292 2568 2135 1629 
Mon Feb 05 00:00:00 CET 2018 [ 1445 1384 1286 727 386 448 1487 3007 3316 2662 2016 1678 
Tue Feb 06 00:00:27 CET 2018 [ 1441 1430 1375 750 423 454 1617 3401 3861 3107 2421 1998 
Tue Feb 06 00:00:27 CET 2018 [ 1345 1435 1339 703 447 500 1579 3330 3760 2944 2487 1970 
Tue Feb 06 00:00:27 CET 2018 [ 1480 1435 1379 780 410 464 1571 3330 3761 3076 2324 2005 
Wed Feb 07 00:00:02 CET 2018 [ 1430 1274 1297 715 410 444 1607 3377 3752 3102 2457 2162 
Wed Feb 07 00:00:02 CET 2018 [ 1316 1307 1263 672 432 478 1557 3359 3639 2932 2532 2121 
Wed Feb 07 00:00:02 CET 2018 [ 1419 1307 1314 739 392 439 1519 3300 3598 3038 2370 2116 
Thu Feb 08 00:00:06 CET 2018 [ 1599 1435 1381 751 441 476 1753 3726 4082 3419 2656 2314 
Thu Feb 08 00:00:06 CET 2018 [ 1611 1451 1411 793 424 467 1667 3624 3971 3324 2594 2268 
Thu Feb 08 00:00:06 CET 2018 [ 1472 1453 1360 726 462 517 1717 3701 3965 3205 2756 2268 
Fri Feb 09 00:00:43 CET 2018 [ 1702 1529 1455 766 465 494 1782 3756 4183 3427 2636 2292 
Fri Feb 09 00:00:43 CET 2018 [ 1677 1517 1487 786 437 477 1712 3690 4050 3303 2576 2264 
Fri Feb 09 00:00:43 CET 2018 [ 1546 1542 1439 729 471 539 1747 3738 4048 3210 2707 2276 
Sat Feb 10 00:00:07 CET 2018 [ 1422 1237 1089 601 350 413 1343 3008 3361 2838 2159 1990 
Sat Feb 10 00:00:07 CET 2018 [ 1308 1206 1123 589 360 434 1344 2976 3250 2664 2172 1969 
Sat Feb 10 00:00:07 CET 2018 [ 1413 1204 1151 611 354 354 1325 2924 3292 2745 2161 1935 
Sun Feb 11 00:01:53 CET 2018 [ 1584 1369 1259 703 403 464 1493 3290 3529 2974 2229 2080 
Sun Feb 11 00:01:53 CET 2018 [ 1607 1322 1318 710 398 410 1490 3221 3450 2851 2252 2042 
Sun Feb 11 00:01:53 CET 2018 [ 1471 1322 1276 672 414 482 1519 3237 3406 2794 2255 2063 
Mon Feb 12 00:00:14 CET 2018 [ 1617 1442 1299 757 409 480 1510 3307 3577 2967 2271 2172 
Mon Feb 12 00:00:14 CET 2018 [ 1516 1386 1330 722 431 502 1537 3260 3469 2825 2278 2128 
Mon Feb 12 00:00:14 CET 2018 [ 1624 1389 1374 777 431 441 1518 3231 3486 2846 2286 2119 
Tue Feb 13 00:00:31 CET 2018 [ 1738 1525 1389 814 430 513 1635 3602 3864 3294 2551 2377 
Tue Feb 13 00:00:31 CET 2018 [ 1713 1489 1452 815 454 472 1639 3512 3801 3180 2585 2334 
Tue Feb 13 00:00:31 CET 2018 [ 1614 1472 1409 768 457 531 1662 3569 3778 3201 2565 2317 
Wed Feb 14 00:00:00 CET 2018 [ 1650 1567 1410 834 430 512 1620 3557 3915 3410 2644 2309 
Wed Feb 14 00:00:00 CET 2018 [ 1566 1517 1430 779 457 523 1646 3530 3847 3330 2639 2269 
Wed Feb 14 00:00:00 CET 2018 [ 1649 1518 1445 829 445 466 1671 3509 3934 3288 2684 2304 
Thu Feb 15 00:00:01 CET 2018 [ 1838 1689 1520 890 452 535 1714 3784 4317 3841 2927 2686 
Thu Feb 15 00:00:01 CET 2018 [ 1820 1649 1531 889 470 500 1763 3754 4327 3691 2976 2626 
Thu Feb 15 00:00:01 CET 2018 [ 1741 1638 1527 828 477 557 1735 3791 4242 3731 2940 2618 
Fri Feb 16 00:00:05 CET 2018 [ 1886 1737 1572 948 451 549 1802 3975 4455 3905 2963 2833 
Fri Feb 16 00:00:05 CET 2018 [ 1842 1668 1571 878 494 553 1801 4013 4404 3837 3013 2741 
Fri Feb 16 00:00:05 CET 2018 [ 1917 1739 1569 948 494 525 1824 3928 4501 3798 3027 2763 
Sat Feb 17 00:00:02 CET 2018 [ 1952 1710 1583 975 478 561 1918 4174 4660 4036 3163 2912 
Sat Feb 17 00:00:02 CET 2018 [ 1897 1668 1571 893 529 560 1893 4223 4615 3958 3256 2794 
Sat Feb 17 00:00:02 CET 2018 [ 1928 1728 1576 951 497 555 1916 4097 4711 3968 3239 2819 
Sun Feb 18 00:00:03 CET 2018 [ 2090 1793 1708 1048 522 607 2056 4391 4840 4122 3246 3067 
Sun Feb 18 00:00:03 CET 2018 [ 2046 1774 1692 969 588 607 2001 4434 4802 4030 3337 2986 
Sun Feb 18 00:00:03 CET 2018 [ 2076 1838 1671 1029 547 599 2058 4334 4887 4031 3321 3014 
Mon Feb 19 00:04:14 CET 2018 [ 2127 1790 1738 1047 550 613 2070 4429 4824 4102 3177 2927 
Mon Feb 19 00:04:14 CET 2018 [ 2066 1816 1685 950 578 624 2032 4466 4803 3994 3288 2860 
Mon Feb 19 00:04:14 CET 2018 [ 2113 1843 1709 1025 541 599 2068 4389 4881 4020 3245 2879 
Tue Feb 20 00:01:14 CET 2018 [ 1971 1647 1517 919 487 540 1782 3661 3846 3160 2421 2275 
Tue Feb 20 00:01:14 CET 2018 [ 1925 1654 1478 843 518 555 1747 3651 3773 3031 2450 2256 
Tue Feb 20 00:01:14 CET 2018 [ 1981 1686 1519 933 484 534 1809 3641 3893 3059 2451 2217 
Wed Feb 21 00:00:00 CET 2018 [ 1980 1744 1601 978 523 575 1910 3950 4238 3536 2693 2520 
Wed Feb 21 00:00:00 CET 2018 [ 2003 1789 1604 983 507 564 1924 3952 4274 3417 2718 2466 
Wed Feb 21 00:00:00 CET 2018 [ 1944 1734 1557 885 546 596 1884 3977 4157 3361 2728 2508 
Thu Feb 22 00:00:04 CET 2018 [ 2183 1912 1719 1053 566 619 2080 4359 4704 3869 2926 2785 
Thu Feb 22 00:00:04 CET 2018 [ 2205 1956 1733 1057 545 605 2107 4356 4776 3743 2958 2714 
Thu Feb 22 00:00:04 CET 2018 [ 2136 1890 1679 969 591 637 2056 4369 4663 3667 2951 2750 
Fri Feb 23 00:00:14 CET 2018 [ 2218 1849 1691 1035 570 612 2000 4183 4640 3893 2870 2602 
Fri Feb 23 00:00:14 CET 2018 [ 2222 1883 1720 1038 531 593 2017 4206 4715 3704 2915 2541 
Fri Feb 23 00:00:14 CET 2018 [ 2145 1838 1660 967 586 625 2004 4147 4605 3595 2910 2598 
Sat Feb 24 00:00:07 CET 2018 [ 2105 1842 1740 1051 562 613 2012 4201 4796 3944 2846 2524 
Sat Feb 24 00:00:07 CET 2018 [ 2172 1866 1731 1055 523 587 2048 4308 4862 3782 2843 2529 
Sat Feb 24 00:00:07 CET 2018 [ 2045 1817 1703 971 574 623 2048 4188 4793 3688 2853 2595 
Sun Feb 25 00:00:14 CET 2018 [ 2269 1936 1826 1104 591 637 2091 4341 4924 4009 2923 2634 
Sun Feb 25 00:00:14 CET 2018 [ 2333 1966 1828 1101 548 621 2118 4436 5002 3839 2908 2638 
Sun Feb 25 00:00:14 CET 2018 [ 2213 1903 1770 1017 603 655 2125 4307 4917 3738 2918 2700 
Mon Feb 26 00:00:52 CET 2018 [ 2214 1908 1777 1083 573 611 2066 4289 4927 4061 2954 2654 
Mon Feb 26 00:00:52 CET 2018 [ 2291 1913 1754 1066 536 614 2115 4394 4989 3873 2955 2669 
Mon Feb 26 00:00:52 CET 2018 [ 2176 1843 1713 1007 611 620 2095 4286 4904 3809 2969 2735 
Tue Feb 27 00:00:07 CET 2018 [ 2228 1931 1800 1086 575 625 2110 4389 5143 4266 3126 2739 
Tue Feb 27 00:00:07 CET 2018 [ 2189 1867 1743 1024 611 615 2150 4374 5134 4041 3127 2829 
Tue Feb 27 00:00:07 CET 2018 [ 2306 1936 1764 1067 538 636 2169 4528 5229 4067 3138 2742 
Wed Feb 28 00:00:56 CET 2018 [ 2445 2144 1957 1192 633 680 2281 4721 5536 4520 3327 3063 
Wed Feb 28 00:00:56 CET 2018 [ 2497 2167 1932 1148 582 682 2363 4879 5618 4331 3360 3062 
Wed Feb 28 00:00:56 CET 2018 [ 2404 2067 1919 1117 680 678 2349 4681 5507 4296 3340 3177 
Thu Mar 01 00:09:14 CET 2018 [ 1739 1527 1506 952 481 525 1640 3144 3684 2752 2122 1926 
Thu Mar 01 00:09:14 CET 2018 [ 1819 1587 1463 874 451 536 1725 3316 3723 2645 2126 2012 
Thu Mar 01 00:09:14 CET 2018 [ 1757 1474 1430 858 538 519 1713 3139 3729 2674 2108 2100 
Fri Mar 02 00:06:06 CET 2018 [ 1566 1452 1378 867 435 472 1491 2860 3280 2468 1944 1799 
Fri Mar 02 00:06:06 CET 2018 [ 1633 1506 1326 797 407 489 1591 3030 3307 2402 1947 1881 
Fri Mar 02 00:06:06 CET 2018 [ 1581 1402 1311 779 500 488 1548 2873 3310 2442 1936 1958 
Sat Mar 03 00:11:30 CET 2018 [ 1569 1457 1380 867 437 473 1492 2871 3289 2473 1947 1802 
Sat Mar 03 00:11:30 CET 2018 [ 1640 1513 1328 799 409 490 1593 3039 3312 2410 1951 1884 
Sat Mar 03 00:11:30 CET 2018 [ 1586 1404 1312 780 501 488 1550 2883 3316 2445 1941 1965 
Sun Mar 04 00:03:39 CET 2018 [ 829 969 805 519 252 288 989 1908 2496 2000 1531 1260 
Sun Mar 04 00:03:39 CET 2018 [ 863 980 785 456 225 289 1033 2086 2522 2004 1565 1298 
Sun Mar 04 00:03:39 CET 2018 [ 865 935 803 467 287 286 1041 1986 2533 2007 1546 1378 
Mon Mar 05 00:34:21 CET 2018 [ 831 971 805 521 252 288 993 1913 2500 2002 1533 1263 
Mon Mar 05 00:34:21 CET 2018 [ 868 981 785 458 225 290 1035 2089 2525 2010 1572 1299 
Mon Mar 05 00:34:21 CET 2018 [ 869 936 803 468 288 286 1042 1992 2537 2008 1554 1380 
Tue Mar 06 00:13:15 CET 2018 [ 807 875 710 468 229 248 856 1614 2100 1663 1303 1134 
Tue Mar 06 00:13:15 CET 2018 [ 844 880 695 407 200 249 900 1775 2095 1681 1330 1167 
Tue Mar 06 00:13:15 CET 2018 [ 843 852 716 414 260 259 902 1712 2121 1646 1338 1226 
Wed Mar 07 00:07:56 CET 2018 [ 809 876 713 470 229 248 858 1620 2111 1677 1309 1138 
Wed Mar 07 00:07:56 CET 2018 [ 844 882 696 409 200 250 902 1782 2104 1688 1338 1170 
Wed Mar 07 00:07:56 CET 2018 [ 846 854 718 414 260 259 903 1718 2130 1654 1344 1229 
Thu Mar 08 01:42:16 CET 2018 [ 812 879 714 472 230 249 858 1620 2115 1677 1310 1138 
Thu Mar 08 01:42:16 CET 2018 [ 848 856 719 415 261 259 904 1718 2135 1658 1348 1229 
Thu Mar 08 01:42:16 CET 2018 [ 846 885 697 412 202 250 903 1784 2107 1690 1342 1170 
Fri Mar 09 00:39:14 CET 2018 [ 799 844 705 465 229 248 855 1616 2106 1650 1302 1133 
Fri Mar 09 00:39:14 CET 2018 [ 829 856 688 407 200 246 903 1779 2086 1664 1334 1162 
Fri Mar 09 00:39:14 CET 2018 [ 832 835 703 409 259 257 902 1716 2126 1638 1334 1221 
Sat Mar 10 02:45:01 CET 2018 [ 801 845 705 465 229 248 855 1617 2107 1652 1304 1135 
Sat Mar 10 02:45:01 CET 2018 [ 829 858 691 407 200 246 904 1779 2086 1665 1336 1164 
Sat Mar 10 02:45:01 CET 2018 [ 832 837 705 410 259 258 902 1716 2126 1638 1336 1221 
Sun Mar 11 00:51:29 CET 2018 [ 799 838 703 465 229 247 855 1614 2102 1646 1300 1134 
Sun Mar 11 00:51:29 CET 2018 [ 829 834 702 408 259 257 900 1712 2119 1636 1332 1220 
Sun Mar 11 00:51:29 CET 2018 [ 827 856 687 407 198 246 901 1775 2082 1664 1331 1162 
Mon Mar 12 01:33:46 CET 2018 [ 800 838 703 465 229 247 855 1615 2102 1646 1300 1134 
Mon Mar 12 01:33:46 CET 2018 [ 829 835 702 408 259 257 901 1712 2120 1636 1332 1220 
Mon Mar 12 01:33:46 CET 2018 [ 827 856 688 407 198 246 901 1775 2082 1665 1332 1163 
Tue Mar 13 02:50:52 CET 2018 [ 798 838 703 465 229 249 853 1615 2102 1645 1294 1133 
Tue Mar 13 02:50:52 CET 2018 [ 828 834 702 406 259 257 898 1710 2118 1637 1329 1218 
Tue Mar 13 02:50:52 CET 2018 [ 822 856 687 405 198 246 901 1772 2082 1664 1331 1162 
Wed Mar 14 04:59:25 CET 2018 [ 443 379 357 234 110 125 434 744 924 648 519 320 
Wed Mar 14 04:59:25 CET 2018 [ 449 401 344 210 131 124 447 801 987 688 559 358 
Wed Mar 14 04:59:25 CET 2018 [ 480 386 345 216 108 145 454 820 895 682 533 342 
Thu Mar 15 00:28:10 CET 2018 [ 209 262 249 170 91 92 314 616 772 541 436 274 
Thu Mar 15 00:28:10 CET 2018 [ 237 242 235 155 79 102 352 676 765 568 433 311 
Thu Mar 15 00:28:10 CET 2018 [ 230 264 231 152 96 76 348 652 832 570 473 334 
Fri Mar 16 00:20:30 CET 2018 [ 209 262 249 170 91 92 314 617 775 541 436 274 
Fri Mar 16 00:20:30 CET 2018 [ 237 242 235 155 79 102 352 676 771 568 433 311 
Fri Mar 16 00:20:30 CET 2018 [ 233 264 231 152 96 76 348 652 836 573 473 336 
Sat Mar 17 04:38:28 CET 2018 [ 210 264 250 170 91 92 314 617 775 541 436 274 
Sat Mar 17 04:38:28 CET 2018 [ 239 242 235 155 79 102 352 676 771 568 433 311 
Sat Mar 17 04:38:28 CET 2018 [ 233 264 231 152 96 76 349 653 836 573 473 336 
Sun Mar 18 02:20:13 CET 2018 [ 210 264 249 169 91 92 314 618 775 541 435 273 
Sun Mar 18 02:20:13 CET 2018 [ 239 243 235 155 79 102 352 676 771 566 433 310 
Sun Mar 18 02:20:13 CET 2018 [ 233 264 231 152 96 76 349 653 835 572 473 336 
Mon Mar 19 01:47:13 CET 2018 [ 210 264 249 169 91 92 314 618 775 541 435 273 
Mon Mar 19 01:47:13 CET 2018 [ 233 264 231 152 96 77 349 654 835 572 473 336 
Mon Mar 19 01:47:13 CET 2018 [ 240 243 235 155 79 102 352 676 772 566 434 310 
Tue Mar 20 02:36:00 CET 2018 [ 210 266 250 169 91 92 314 618 775 542 435 273 
Tue Mar 20 02:36:00 CET 2018 [ 240 243 235 155 79 102 352 678 772 569 434 310 
Tue Mar 20 02:36:00 CET 2018 [ 233 264 231 153 96 77 349 654 835 573 473 337 
Wed Mar 21 01:19:50 CET 2018 [ 211 265 248 168 91 92 314 617 775 543 434 273 
Wed Mar 21 01:19:50 CET 2018 [ 240 241 235 154 79 102 352 679 772 569 434 308 
Wed Mar 21 01:19:50 CET 2018 [ 233 263 231 153 96 77 348 653 836 573 473 337 
Thu Mar 22 08:55:43 CET 2018 [ 211 266 248 168 93 92 314 617 775 543 434 273 
Thu Mar 22 08:55:43 CET 2018 [ 240 241 235 154 79 102 353 679 772 569 434 308 
Thu Mar 22 08:55:43 CET 2018 [ 233 263 231 153 96 77 348 654 836 574 473 337 
Fri Mar 23 01:05:06 CET 2018 [ 212 266 247 168 92 92 315 613 767 539 433 273 
Fri Mar 23 01:05:06 CET 2018 [ 240 241 235 154 79 102 351 675 763 565 431 309 
Fri Mar 23 01:05:06 CET 2018 [ 230 263 230 153 96 77 345 648 829 562 472 334 
Sat Mar 24 00:41:07 CET 2018 [ 213 266 247 168 92 92 316 613 771 540 437 273 
Sat Mar 24 00:41:07 CET 2018 [ 240 243 235 154 79 102 351 675 764 567 431 310 
Sat Mar 24 00:41:07 CET 2018 [ 231 263 230 153 97 77 346 648 830 564 474 334 
Sun Mar 25 03:15:37 CEST 2018 [ 214 267 247 168 92 92 316 613 771 540 437 273 
Sun Mar 25 03:15:37 CEST 2018 [ 240 243 235 154 79 102 351 675 764 567 431 310 
Sun Mar 25 03:15:37 CEST 2018 [ 231 264 231 153 97 77 346 648 830 565 474 335 
Mon Mar 26 03:30:42 CEST 2018 [ 112 153 165 114 55 74 249 457 593 410 375 227 
Mon Mar 26 03:30:42 CEST 2018 [ 239 243 235 154 79 103 351 673 763 564 431 309 
Mon Mar 26 03:30:42 CEST 2018 [ 123 141 171 109 60 58 263 473 651 424 386 280 
Tue Mar 27 00:56:40 CEST 2018 [ 112 151 163 114 55 72 249 458 592 407 374 229 
Tue Mar 27 00:56:40 CEST 2018 [ 239 243 235 154 79 103 351 675 764 564 432 309 
Tue Mar 27 00:56:40 CEST 2018 [ 123 141 170 108 60 58 263 473 649 421 386 279 
Wed Mar 28 00:02:28 CEST 2018 [ 113 153 165 114 55 72 249 460 594 407 374 229 
Wed Mar 28 00:02:28 CEST 2018 [ 239 245 236 154 79 103 351 675 766 564 432 310 
Wed Mar 28 00:02:28 CEST 2018 [ 123 145 170 108 60 59 263 474 649 422 387 279 
Thu Mar 29 00:27:15 CEST 2018 [ 114 153 165 114 55 72 249 460 595 407 375 230 
Thu Mar 29 00:27:15 CEST 2018 [ 240 245 236 154 79 104 351 675 768 564 432 312 
Thu Mar 29 00:27:15 CEST 2018 [ 127 146 170 109 61 59 263 475 649 422 388 280 
Fri Mar 30 03:53:39 CEST 2018 [ 113 153 165 114 54 72 248 459 595 408 374 230 
Fri Mar 30 03:53:39 CEST 2018 [ 127 147 171 109 61 59 263 475 649 422 389 280 
Fri Mar 30 03:53:39 CEST 2018 [ 240 246 236 154 79 104 351 676 769 565 432 311 
Sat Mar 31 15:08:02 CEST 2018 [ 4 6 3 0 0 0 1 8 4 4 1 5 
Sat Mar 31 15:08:02 CEST 2018 [ 109 102 78 54 29 40 98 168 179 122 82 50 
Sat Mar 31 15:08:02 CEST 2018 [ 4 6 2 1 1 1 0 7 5 5 3 2 
Sun Apr 01 16:11:01 CEST 2018 [ 2 5 3 0 0 0 1 9 4 4 1 6 
Sun Apr 01 16:11:01 CEST 2018 [ 4 6 1 2 1 1 0 6 6 4 3 2 
Sun Apr 01 16:11:01 CEST 2018 [ 1 2 1 0 0 1 1 4 7 2 2 4 
Mon Apr 02 16:38:47 CEST 2018 [ 2 5 3 0 0 0 1 8 4 4 0 4 
Mon Apr 02 16:38:47 CEST 2018 [ 1 3 1 0 0 1 1 4 7 3 2 4 
Mon Apr 02 16:38:47 CEST 2018 [ 5 6 1 1 1 1 0 7 5 4 3 2 
Tue Apr 03 14:25:11 CEST 2018 [ 2 4 3 0 0 0 1 6 4 5 0 3 
Tue Apr 03 14:25:11 CEST 2018 [ 1 3 1 0 0 1 2 2 7 4 1 4 
Tue Apr 03 14:25:11 CEST 2018 [ 5 2 1 1 1 0 0 6 4 3 2 4 
Wed Apr 04 13:49:03 CEST 2018 [ 2 4 3 0 0 0 1 8 4 5 0 3 
Wed Apr 04 13:49:03 CEST 2018 [ 1 4 1 1 0 1 3 2 9 4 1 4 
Wed Apr 04 13:49:03 CEST 2018 [ 5 2 1 1 1 0 0 7 7 4 2 5 
Thu Apr 05 14:34:46 CEST 2018 [ 2 4 3 0 0 0 1 10 4 5 1 3 
Thu Apr 05 14:34:46 CEST 2018 [ 1 4 1 1 0 2 4 2 9 4 1 4 
Thu Apr 05 14:34:46 CEST 2018 [ 6 2 1 1 1 0 0 8 8 4 2 5 
Fri Apr 06 13:45:44 CEST 2018 [ 1 4 3 0 0 0 1 8 4 4 1 4 
Fri Apr 06 13:45:44 CEST 2018 [ 1 4 2 1 0 2 4 3 9 5 1 4 
Fri Apr 06 13:45:44 CEST 2018 [ 5 1 0 1 1 0 0 8 7 4 1 6 
Sat Apr 07 16:49:13 CEST 2018 [ 1 4 3 0 0 0 1 8 4 4 2 4 
Sat Apr 07 16:49:13 CEST 2018 [ 1 4 3 1 0 2 4 3 9 5 1 4 
Sat Apr 07 16:49:13 CEST 2018 [ 6 1 0 1 1 0 0 9 7 4 1 6 
Sun Apr 08 12:47:56 CEST 2018 [ 1 4 3 0 0 0 1 7 4 4 2 3 
Sun Apr 08 12:47:56 CEST 2018 [ 6 1 0 1 1 0 0 9 7 4 1 6 
Sun Apr 08 12:47:56 CEST 2018 [ 1 4 3 1 0 3 4 3 9 4 1 4 
Mon Apr 09 14:12:10 CEST 2018 [ 1 4 3 0 0 0 1 8 4 4 2 3 
Mon Apr 09 14:12:10 CEST 2018 [ 1 4 3 1 0 3 4 3 9 4 1 4 
Mon Apr 09 14:12:10 CEST 2018 [ 6 1 0 1 1 0 1 9 7 4 1 6 
Tue Apr 10 16:20:38 CEST 2018 [ 1 4 3 0 0 0 1 9 3 3 2 2 
Tue Apr 10 16:20:38 CEST 2018 [ 1 1 2 1 0 3 3 2 5 4 0 3 
Tue Apr 10 16:20:38 CEST 2018 [ 6 1 0 2 1 0 1 10 5 4 1 6 
Wed Apr 11 14:48:52 CEST 2018 [ 0 1 1 4 6 1 1 5 1 1 2 1 
Wed Apr 11 14:48:52 CEST 2018 [ 0 0 2 2 2 2 1 2 3 4 1 0 
Wed Apr 11 14:48:52 CEST 2018 [ 6 1 0 4 4 0 2 9 5 4 1 6 
Thu Apr 12 20:12:44 CEST 2018 [ 0 2 1 4 6 1 1 5 1 2 3 1 
Thu Apr 12 20:12:44 CEST 2018 [ 0 0 3 2 2 2 1 3 3 5 1 0 
Thu Apr 12 20:12:44 CEST 2018 [ 6 2 0 4 4 0 2 11 5 4 1 7 
Fri Apr 13 16:10:27 CEST 2018 [ 0 1 1 4 6 1 1 5 0 1 3 1 
Fri Apr 13 16:10:27 CEST 2018 [ 0 0 2 2 2 1 0 2 2 2 1 0 
Fri Apr 13 16:10:27 CEST 2018 [ 6 1 0 4 4 0 2 10 5 4 1 6 
Sat Apr 14 20:10:47 CEST 2018 [ 0 1 1 4 6 1 1 5 1 1 3 1 
Sat Apr 14 20:10:47 CEST 2018 [ 6 1 0 4 4 0 2 10 5 5 1 6 
Sat Apr 14 20:10:47 CEST 2018 [ 0 0 2 2 2 1 0 2 2 3 1 1 
Sun Apr 15 17:55:14 CEST 2018 [ 0 1 1 4 6 1 1 5 2 1 3 1 
Sun Apr 15 17:55:14 CEST 2018 [ 0 0 1 2 2 1 0 2 2 2 1 1 
Sun Apr 15 17:55:14 CEST 2018 [ 6 1 0 4 4 0 2 10 5 5 1 6 
Mon Apr 16 16:31:05 CEST 2018 [ 1 1 1 4 6 1 1 6 2 1 3 1 
Mon Apr 16 16:31:05 CEST 2018 [ 6 1 0 4 4 0 2 10 5 5 1 6 
Mon Apr 16 16:31:05 CEST 2018 [ 0 1 1 3 2 1 0 2 2 3 1 1 
Tue Apr 17 13:27:49 CEST 2018 [ 2 1 1 4 6 1 1 6 3 2 3 1 
Tue Apr 17 13:27:49 CEST 2018 [ 0 1 1 3 2 1 1 2 2 3 1 2 
Tue Apr 17 13:27:49 CEST 2018 [ 6 1 0 5 4 0 2 10 5 5 1 6 
Wed Apr 18 15:02:49 CEST 2018 [ 2 1 1 4 6 1 1 7 3 2 3 3 
Wed Apr 18 15:02:49 CEST 2018 [ 0 1 2 3 2 1 1 3 3 3 2 2 
Wed Apr 18 15:02:49 CEST 2018 [ 6 1 0 5 4 0 2 11 6 6 1 6 