
0.0
0.0
15.0
7.323886639676114
5.868995633187773
7.084745762711864
4.964285714285714
6.072010869565218
6.133682830930537
6.118612283169245
6.033093525179856
4.933146330060776
5.5612472160356345
5.571098265895953
4.521070615034168
5.653384912959381
4.541388779913691
5.623606305267205
4.655642023346304
5.762131303520457
5.710088148873654
5.7338501291989665
4.455012853470437
5.634961439588689
4.513751375137514
5.604143947655398
5.545403271291597
5.709487825356843
4.532831451275617
5.683216168717047
4.626596980255517
5.702737110120942
5.806192660550459
4.5571072319202
5.639552618200305
5.60502405130946
4.500997008973081
5.569829683698297
5.575949367088608
4.533213644524237
5.631970260223048
5.605360443622921
5.59538784067086
4.461016949152542
5.601503759398496
5.8739316239316235
4.62987012987013
5.8070539419087135
5.61364857603439
5.664142779881017
4.522498676548438
4.370528563801388
5.476664918720504
5.457253171538886
5.531400966183575
5.486614173228347
4.473063973063973
4.410519563822963
5.491153142159853
5.496
5.628708901363272
4.515822784810126
5.621794871794871
5.6437552388935455
4.454789615040286
5.454710144927536
5.595171252105558
5.5101070154577885
4.449275362318841
4.436155606407323
5.493406093678945
5.522888154789995
5.4830430797433545
4.414103170847137
5.473635090993934
4.474978795589482
5.526162790697675
5.493203058623619
5.6149584487534625
5.548774627582893
4.608816705336427
5.342165898617512
5.298387096774194
4.277339346110485
4.23680981595092
5.474127557160048
5.4910941475826975
5.555888223552894
4.473267326732674
5.583841463414634
5.579279279279279
5.550750220653133
4.453218884120171
4.415426251691475
5.3861671469740635
5.401122019635344
4.53372008701958
5.610664718772827
5.5544340302811825
4.3714618069019
5.489891135303266
5.496978851963746
5.437317784256559
5.422337278106509
4.304059040590406
5.497512437810945
5.459584295612009
4.2948870392390015
5.566054243219598
4.3865325754263225
5.4793621013133205
4.493150684931507
5.593275488069414
5.556
5.484135107471853
5.4755859375
4.402242808386153
5.50272034820457
4.419724770642202
5.547673098751419
5.570023148148148
4.536954087346024
5.569429494079656
5.5602523659306
5.496811224489796
4.4523339907955295
5.4946070878274265
4.477308294209703
5.526599845797995
5.555097837281154
4.404591836734694
5.476365546218488
5.414818310523832
5.361760660247593
4.3088503649635035
5.595959595959596
4.4678130511463845
5.554510474561779
5.51636102121539
4.4871228844738775
5.473398479913138
5.598656294200849
4.495283018867925
5.595616825733475
5.72289156626506
4.54407514450867
5.646341463414634
4.468671679197995
5.5223759153783565
5.524054982817869
5.573886639676114
4.436923076923077
5.459100204498977
5.569865738438588
4.429615197272285
5.508431272355646
4.476035743298132
5.582223962411903
5.599528857479387
4.434318952981095
5.472272727272728
5.493333333333333
5.476619328022168
4.453931825852177
5.51865066493675
4.393909626719057
5.3828282828282825
5.457692307692308
4.430725730442978
5.4526112185686655
5.415238095238095
4.31421188630491
5.361154855643044
5.43448275862069
5.649030694668821
4.5230708035003975
5.6830732292917165
5.527849185946872
4.396287328490718
5.498410174880763
4.457746478873239
5.642857142857143
5.517006802721088
6.1521739130434785
4.956521739130435
6.0625
6.097560975609756
5.966666666666667
4.9
6.090909090909091
4.896551724137931
6.235294117647059
5.714285714285714
4.904761904761905
6.176470588235294
5.8
5.020833333333333
6.078431372549019
4.928571428571429
6.793103448275862
6.375
6.166666666666667
5.666666666666667
4.913043478260869
5.416666666666667
7.25
7.0
6.0
6.25
5.333333333333333
5.666666666666667
6.333333333333333
6.333333333333333
6.333333333333333
6.363636363636363
5.666666666666667
5.333333333333333
5.75
6.666666666666667
7.0
6.2
5.25
6.333333333333333
6.0
4.222222222222222
6.25
8.0
4.5
7.0
0.0
0.0
6.0
7.5
5.5
6.25
5.333333333333333
5.5
7.0
0.0
6.333333333333333
7.0
5.0
6.0
7.0
5.333333333333333
6.5
5.090909090909091
5.333333333333333
6.363636363636363
7.0
7.0
5.0
6.5
5.5
6.8
6.0
5.5
7.0
6.222222222222222
5.285714285714286
6.571428571428571
6.625
6.5
5.333333333333333
6.0
7.5
5.0
0.0
6.666666666666667
0.0
7.0
6.333333333333333
5.666666666666667
6.5
6.5
5.5
6.0
5.2
6.333333333333333
6.5
5.0
6.6
5.8
6.0
7.0
6.4
5.0
6.666666666666667
5.333333333333333
0.0
7.0
0.0
6.0
0.0
0.0
6.0
6.0
6.5
0.0
6.6
6.333333333333333
4.666666666666667
5.916666666666667
6.5
6.75
4.25
7.0
0.0
5.0
7.0
5.5
6.0
0.0
0.0
7.0
5.0
5.0
6.5
6.0
7.0
5.0
5.5
6.5
6.75