
0.0
17.0
0.0
7.400826446280992
5.953703703703703
8.468503937007874
4.9612152553329025
6.096666666666667
6.137282229965157
6.04448651206815
4.973953488372093
6.070678127984718
5.5700174317257405
4.535774647887324
5.566069428891377
5.650232919254658
5.652468152866242
4.560634680770684
5.705936920222634
5.707843137254902
4.659680638722555
5.561855670103093
4.514285714285714
5.655612244897959
4.491930996104619
5.5566778900112235
5.637594799566631
5.679628064243449
4.550280535174795
5.673710904480135
5.670090634441087
4.669789227166277
5.76284348864994
5.6391959798994975
4.547120418848167
5.582089552238806
5.598448108632396
4.500739280433711
5.520256916996048
5.687716262975779
4.5549019607843135
5.610401459854015
4.501123595505618
5.626442812172088
5.6094929881337645
5.8465608465608465
4.6033934252386
5.8247863247863245
5.675517790759426
4.516268980477223
5.59508547008547
4.365597345132743
5.464604090194022
5.438232161874335
4.448979591836735
5.480190174326466
5.505154639175258
5.546072974644403
5.459818731117824
4.400954653937948
5.666666666666667
4.486548808608762
5.570975416336241
4.483606557377049
5.466610312764159
5.623124448367167
5.584597432905484
4.470040721349622
5.50997150997151
5.538080216313655
4.456703910614525
5.487827715355805
5.4523250352278065
4.431484115694642
5.453884597910041
4.414624183006536
5.582687338501292
5.487441464452958
5.633505396527452
5.570555032925682
4.554778554778554
5.301822323462415
4.285207100591716
5.363333333333333
5.456287425149701
4.385749385749386
5.376756066411239
4.531391260673028
5.546466602129719
5.565891472868217
5.549869904596704
5.56186701893439
4.474765520321572
5.40499306518724
5.3983169705469845
4.400280898876405
5.620689655172414
4.49744711889132
5.571020699500357
5.499420625724218
5.452217125382263
4.3997686969930605
4.340990667623833
5.434210526315789
5.411987860394537
5.449382716049382
4.3950471698113205
5.397887323943662
4.427162707306141
5.523851590106007
5.490728177295342
5.568992248062015
5.575189873417721
4.480283114256825
5.534634146341463
5.411854103343465
4.432725480532282
5.5059288537549405
4.394094264622374
5.49448123620309
5.619750283768445
5.5733482642777155
4.484649122807017
4.461733080328906
5.470926517571885
5.532722513089006
5.607484076433121
4.399089529590288
5.463433410315627
4.418096723868954
5.589902112313241
5.44129763130793
5.414678899082569
5.368592730661696
4.3310249307479225
5.60093896713615
5.522135416666667
4.517905102954342
5.524532297917402
4.427353595255745
5.502194586686174
5.597671880683885
5.591329068941009
4.484912280701755
5.651369356032569
5.678986995208761
4.601307189542483
5.572986577181208
4.4795117698343505
5.459632294164669
4.515247108307046
5.452095808383233
5.559716599190283
4.441649899396379
5.5418524021792965
5.488083416087388
4.470355731225297
5.619233776387803
5.558383838383838
5.505427088249174
4.445856873822976
5.434229828850856
5.53725881570193
4.454050374404357
5.48760884125921
4.350687622789784
5.440082644628099
5.452582159624413
4.353287536800785
5.4456928838951315
5.487712665406427
5.407742584213173
5.411921234699308
4.406031233171783
5.658749010292953
5.625759416767922
4.582430806257521
5.483525535420099
4.4038623005877415
5.4944444444444445
5.671232876712328
4.444444444444445
5.554054054054054
5.907407407407407
6.325581395348837
5.1395348837209305
5.884615384615385
5.083333333333333
6.102564102564102
6.043478260869565
5.861111111111111
5.384615384615385
4.866666666666666
5.884615384615385
6.0
6.097560975609756
5.0256410256410255
5.925925925925926
4.777777777777778
7.074074074074074
6.214285714285714
6.2631578947368425
4.666666666666667
5.7727272727272725
7.545454545454546
5.818181818181818
6.0
6.666666666666667
6.666666666666667
5.0
6.5
5.5
6.2
6.666666666666667
5.166666666666667
6.25
6.625
5.0
5.875
6.333333333333333
5.0
6.333333333333333
5.777777777777778
4.5
5.777777777777778
7.0
6.333333333333333
5.0
7.0
0.0
6.0
6.0
7.0
6.0
4.75
6.25
6.5
7.0
5.5
6.5
6.0
5.0
7.0
6.5
6.75
5.0
4.8
6.2727272727272725
6.0
7.0
6.0
5.0
6.0
6.75
6.4
6.833333333333333
5.75
4.0
6.428571428571429
5.375
6.25
6.444444444444445
6.625
6.0
6.2
4.25
6.0
0.0
6.5
6.0
6.666666666666667
7.0
5.5
6.5
5.0
7.0
0.0
6.6
5.25
6.5
6.333333333333333
5.0
7.0
5.75
5.5
6.5
6.0
5.666666666666667
0.0
5.666666666666667
7.0
0.0
5.0
0.0
5.0
0.0
7.0
6.5
6.666666666666667
5.5
6.0
5.0
5.375
6.333333333333333
5.8
5.5
7.0
0.0
6.0
6.0
5.333333333333333
0.0
0.0
0.0
7.0
6.5
6.0
0.0
6.5
7.0
5.333333333333333
6.0
6.0
6.8