
18.0
0.0
0.0
10.34468085106383
6.004016064257028
8.802631578947368
6.0889655172413795
6.09961190168176
5.001345895020188
6.062166100048567
4.990489130434782
6.052631578947368
5.608847497089639
4.529118136439268
5.520726859738785
4.549750288129082
5.698149575944488
5.621749408983452
4.699263932702419
5.7242026266416515
5.7202216066482
5.653562653562654
4.532467532467533
5.619302949061662
4.495926127104834
5.605145413870246
5.590200445434299
5.724668661821291
4.592480553154711
5.656928213689483
5.76984126984127
4.659537572254335
5.753145596165369
4.565950920245399
5.572085889570552
5.669601242879337
5.606986899563319
4.50883218842002
5.575892857142857
5.678844519966015
4.548198636806232
5.574906367041199
4.578177727784027
5.583695652173913
5.516129032258065
5.8344370860927155
5.800851970181044
4.667007150153218
5.585515320334262
5.666491043203372
4.546694648478489
5.4981333333333335
5.4347345132743365
4.412565445026178
4.450819672131147
5.5453125
5.473333333333334
4.424624624624625
5.4978593272171254
5.466626213592233
5.630484988452656
4.480321285140562
5.6987654320987655
5.602389078498294
4.452031114952463
5.504147465437788
5.555746140651801
5.54215456674473
4.49740034662045
5.596499526963103
5.511724137931035
4.413092550790068
5.499052132701422
5.44212962962963
4.440239963082603
5.541771094402673
4.4280270956816254
5.486886632825719
5.635514018691588
4.557308584686775
5.555766492643569
5.353273137697517
4.281009879253568
5.362424242424242
5.437892095357591
4.380421313506815
5.394451145958986
5.624425140521206
4.498797498797499
5.547034764826176
5.562417871222077
4.43804537521815
5.573850959393128
4.373737373737374
5.4013333333333335
5.45945945945946
5.653846153846154
4.533478893740902
5.50626381724392
4.394477317554241
5.509521958802954
5.475659606094388
4.347309573724668
5.4297905352986815
5.384841795437822
5.436571428571429
5.4429928741092635
4.35813366960908
5.512096774193548
4.384061233678524
5.543275632490014
4.496443089430894
5.573869346733669
5.6031088082901555
5.537810945273632
5.463414634146342
4.372664700098328
5.54851598173516
4.3988826815642454
5.517758046614873
4.53241537578887
5.597229916897507
5.5707236842105265
5.532171581769437
4.447286338116032
5.527549081697277
5.5351894818252125
4.460191082802548
5.516616314199395
4.431434599156118
5.52929085303186
5.458248472505091
5.428241808952468
5.36680421824851
4.330223880597015
5.581722319859402
5.591278324070116
4.508153371529308
4.463092177745134
5.568255105696883
5.462154294032024
5.531476121562952
5.642728904847397
4.525837988826815
5.671023965141612
4.617874736101337
5.645833333333333
4.447058823529412
5.541666666666667
5.5346121768140115
5.59871931696905
4.449950445986125
5.506532663316583
5.547234459128732
5.504686729156389
4.469502819067145
4.501576044129235
5.572683706070287
5.559301864339548
5.50767798976268
4.447103877453327
5.469756097560976
5.520231213872832
5.498286497601097
4.430153044610876
4.367943548387097
5.470760233918129
5.458857696030978
5.48078725398313
4.403409090909091
5.418786692759295
4.2969634585692225
5.466988727858293
5.372589890568004
5.68754988028731
4.535613682092555
5.633306645316253
5.505591054313099
4.483210483210483
5.46767422334173
4.509433962264151
5.635714285714286
5.5
6.166666666666667
4.980392156862745
6.271186440677966
5.9655172413793105
5.1395348837209305
5.827586206896552
5.15
6.0
6.27027027027027
4.92
6.0625
5.833333333333333
4.945945945945946
6.153846153846154
5.866666666666666
6.190476190476191
6.4
5.956521739130435
5.882352941176471
5.857142857142857
5.0
6.428571428571429
5.818181818181818
7.083333333333333
6.0
6.333333333333333
5.0
6.5
5.5
6.333333333333333
6.5
5.4
6.0
5.0
6.5
6.285714285714286
5.0
6.625
0.0
5.428571428571429
4.875
5.714285714285714
7.0
4.0
6.5
6.0
0.0
6.0
5.5
7.0
6.5
6.25
6.0
5.2
6.0
7.0
5.666666666666667
6.0
5.0
6.333333333333333
6.0
7.0
5.6
5.6
5.916666666666667
6.125
0.0
6.333333333333333
5.666666666666667
0.0
6.6
6.666666666666667
5.75
5.5
6.6
6.0
6.5
5.333333333333333
6.5
6.7
5.0
4.0
6.8
5.5
0.0
6.0
6.5
6.5
6.0
6.0
7.0
5.0
6.5
6.0
5.5
6.25
7.0
6.333333333333333
5.333333333333333
6.666666666666667
6.0
5.0
6.333333333333333
6.5
5.0
6.0
6.0
6.0
0.0
0.0
6.0
0.0
5.0
7.0
7.0
6.666666666666667
5.0
5.75
5.0
5.571428571428571
6.333333333333333
6.4
4.0
0.0
5.5
0.0
6.0
7.0
0.0
0.0
0.0
7.0
7.0
0.0
6.0
6.0
7.0
5.0
0.0
6.4
6.6