
0.22075055187637968
0.2159827213822894
0.22271714922049
0.04137360364087712
0.04137360364087712
0.0413564929693962
0.01665833749791771
0.01665833749791771
0.01665278934221482
0.016409583196586808
0.016414970453053186
0.016412276382734285
0.03068425897514575
0.030665440049064702
0.030665440049064702
0.023191094619666047
0.023169601482854494
0.023169601482854494
0.042863266180882986
0.0429000429000429
0.04280821917808219
0.04690431519699812
0.04679457182966776
0.04668534080298786
0.02753303964757709
0.027548209366391185
0.027510316368638238
0.023792529145848205
0.023781212841854936
0.023792529145848205
0.028376844494892167
0.028376844494892167
0.028368794326241134
0.030220610456331218
0.030229746070133012
0.03023888720895071
0.03125
0.03125976867771178
0.03125
0.04737091425864519
0.04737091425864519
0.04728132387706856
0.04242681374628765
0.0423728813559322
0.04240882103477523
0.03690036900369004
0.03692762186115214
0.03683241252302026
0.031191515907673113
0.031201248049921998
0.031201248049921998
0.02680246582685607
0.02680246582685607
0.02678810608090008
0.043122035360069
0.04304778303917348
0.04306632213608958
0.032247662044501774
0.032237266279819474
0.032237266279819474
0.044033465433729636
0.04401408450704225
0.04401408450704225
0.04120313143798929
0.04118616144975288
0.041220115416323165
0.029904306220095694
0.029913251570445706
0.02987750224081267
0.02707092582566324
0.027078256160303276
0.0270929287455974
0.02703433360367667
0.02702702702702703
0.02703433360367667
0.02710027100271003
0.02710027100271003
0.0270929287455974
0.02871912693854107
0.02871912693854107
0.02871912693854107
0.05015045135406219
0.050175614651279475
0.05015045135406219
0.047080979284369114
0.047058823529411764
0.047014574518100614
0.027785495971103084
0.027793218454697052
0.027808676307007785
0.02701242571582928
0.027005130974885227
0.02701242571582928
0.04675081813931744
0.04677268475210477
0.04666355576294914
0.029832935560859187
0.029832935560859187
0.02987750224081267
0.026253609871357313
0.026246719160104987
0.026253609871357313
0.04208754208754209
0.042105263157894736
0.04208754208754209
0.04833252779120348
0.04833252779120348
0.04830917874396135
0.026867275658248254
0.026860059092130004
0.026860059092130004
0.028901734104046242
0.028901734104046242
0.028910089621277824
0.029086678301337987
0.02909514111143439
0.029069767441860465
0.0337609723160027
0.033783783783783786
0.03374957813027337
0.0335345405767941
0.0335345405767941
0.0335345405767941
0.04008016032064128
0.040096230954290296
0.040096230954290296
0.0419639110365086
0.041928721174004195
0.04194630872483222
0.029256875365710942
0.029239766081871343
0.029231218941829874
0.027442371020856202
0.02744990392533626
0.027419797093501508
0.02598752598752599
0.02596053997923157
0.025967281225655673
0.024709661477637757
0.0246669955599408
0.024697456162015314
0.02369106846718787
0.023685457129322594
0.023668639053254437
0.038895371450797356
0.038895371450797356
0.0388651379712398
0.04151100041511
0.041407867494824016
0.041425020712510356
0.03683241252302026
0.03676470588235294
0.03683241252302026
0.026659557451346308
0.026652452025586353
0.026659557451346308
0.02422480620155039
0.024213075060532687
0.02422480620155039
0.03117206982543641
0.03115264797507788
0.03115264797507788
0.023618327822390175
0.023618327822390175
0.023623907394283016
0.04488330341113106
0.0449034575662326
0.04488330341113106
0.04299226139294927
0.04299226139294927
0.042973785990545764
0.02836074872376631
0.02836074872376631
0.028368794326241134
0.02501876407305479
0.02501250625312656
0.02501876407305479
0.038314176245210725
0.038314176245210725
0.038299502106472615
0.04997501249375312
0.04997501249375312
0.04982561036372696
0.05889281507656066
0.058719906048150326
0.05885815185403178
0.06108735491753207
0.0612369871402327
0.061312078479460456
0.061690314620604564
0.06153846153846154
0.06157635467980296
0.06443298969072164
0.06430868167202572
0.06422607578676943
0.06101281269066504
0.06097560975609756
0.06108735491753207
0.06038647342995169
0.06038647342995169
0.060459492140266025
0.0697350069735007
0.0697350069735007
0.06954102920723226
0.061614294516327786
0.06165228113440197
0.06153846153846154
0.07380073800738007
0.07390983000739099
0.07380073800738007
0.06631299734748011
0.06635700066357
0.06622516556291391
0.06406149903907751
0.0641025641025641
0.06418485237483953
0.06622516556291391
0.06605019815059446
0.06622516556291391
0.07698229407236336
0.07680491551459294
0.07710100231303008
0.0683526999316473
0.0681663258350375
0.0681663258350375
0.05813953488372093
0.05810575246949448
0.05813953488372093
0.076103500761035
0.07621951219512195
0.07604562737642585
0.07042253521126761
0.07057163020465773
0.07037297677691766
0.06583278472679395
0.06591957811470006
0.06578947368421052
0.07256894049346879
0.07241129616220131
0.07267441860465117
0.052273915316257184
0.0522466039707419
0.05216484089723526
0.10141987829614604
0.10152284263959391
0.10152284263959391
0.06854009595613433
0.06863417982155114
0.06858710562414266
0.06447453255963895
0.0643915003219575
0.06430868167202572
0.0681198910081744
0.06798096532970768
0.06779661016949153
0.07674597083653108
0.07639419404125286
0.07662835249042145
0.06993006993006994
0.06988120195667366
0.06988120195667366
0.06688963210702341
0.06693440428380187
0.06702412868632708
0.05991611743559017
0.059844404548174746
0.05980861244019139
0.047058823529411764
0.04697040864255519
0.046992481203007516
0.06583278472679395
0.06583278472679395
0.06587615283267458
0.06743088334457181
0.06747638326585695
0.0675219446320054
0.07513148009015777
0.07513148009015777
0.07507507507507508
0.06997900629811056
0.0700280112044818
0.06988120195667366
0.06605019815059446
0.066006600660066
0.06605019815059446
0.07092198581560284
0.07092198581560284
0.07102272727272728
0.06097560975609756
0.06101281269066504
0.06086427267194157
0.08291873963515754
0.08285004142502071
0.08305647840531562
0.06489292667099286
0.06476683937823834
0.0648508430609598
0.06293266205160478
0.06297229219143577
0.06277463904582549
0.07178750897343862
0.07178750897343862
0.07163323782234957
0.05636978579481398
0.056274620146314014
0.056274620146314014
0.0823045267489712
0.08216926869350863
0.08244023083264633
0.05920663114268798
0.05920663114268798
0.05913660555884092
0.07674597083653108
0.07651109410864575
0.07656967840735068
0.07272727272727272
0.07262164124909223
0.07267441860465117
0.07818608287724785
0.0782472613458529
0.078003120124805
0.06472491909385113
0.06443298969072164
0.06447453255963895