
1.9607843137254901
1.5384615384615385
1.6129032258064515
0.0355998576005696
0.03549875754348598
0.03551136363636364
0.016650016650016652
0.016650016650016652
0.016638935108153077
0.01643115346697338
0.016423057973394647
0.016423057973394647
0.03067484662576687
0.03061849357011635
0.030627871362940276
0.023196474135931337
0.02316423442205235
0.023191094619666047
0.042863266180882986
0.04284490145672665
0.042936882782310004
0.0468384074941452
0.04668534080298786
0.04677268475210477
0.027563395810363836
0.02755580049600441
0.027525461051472612
0.02376990729736154
0.02376990729736154
0.023758612497030172
0.028401022436807723
0.028392958546280524
0.028392958546280524
0.030220610456331218
0.030220610456331218
0.030229746070133012
0.03125976867771178
0.03125976867771178
0.031269543464665414
0.047326076668244205
0.04737091425864519
0.04728132387706856
0.04242681374628765
0.04246284501061571
0.04240882103477523
0.03690036900369004
0.0368052999631947
0.0368052999631947
0.03123048094940662
0.031210986267166042
0.031210986267166042
0.026816840976133013
0.02679528403001072
0.02680246582685607
0.04306632213608958
0.04306632213608958
0.04304778303917348
0.03225806451612903
0.03225806451612903
0.032247662044501774
0.04401408450704225
0.04399472063352398
0.04399472063352398
0.04120313143798929
0.041220115416323165
0.04120313143798929
0.029904306220095694
0.02986857825567503
0.029913251570445706
0.02707092582566324
0.0270929287455974
0.02707092582566324
0.02703433360367667
0.02702702702702703
0.02703433360367667
0.02710027100271003
0.027107617240444564
0.027085590465872156
0.02871912693854107
0.028735632183908046
0.02871912693854107
0.05015045135406219
0.05015045135406219
0.050100200400801605
0.047103155911446065
0.047080979284369114
0.046992481203007516
0.027793218454697052
0.027785495971103084
0.027800945232137893
0.027019724398811132
0.02702702702702703
0.026975991367682764
0.046707146193367584
0.046598322460391424
0.046860356138706656
0.029841838257236644
0.029824038174768863
0.029895366218236172
0.026246719160104987
0.026246719160104987
0.026246719160104987
0.04212299915754002
0.04212299915754002
0.042105263157894736
0.04833252779120348
0.04830917874396135
0.04833252779120348
0.026867275658248254
0.026860059092130004
0.026860059092130004
0.02889338341519792
0.02889338341519792
0.028910089621277824
0.02910360884749709
0.02910360884749709
0.02907822041291073
0.0337609723160027
0.0337609723160027
0.03374957813027337
0.0335345405767941
0.03352329869259135
0.0335345405767941
0.040096230954290296
0.040096230954290296
0.040096230954290296
0.0419639110365086
0.041928721174004195
0.04194630872483222
0.029256875365710942
0.029239766081871343
0.029239766081871343
0.027442371020856202
0.027442371020856202
0.027427317608337904
0.02598752598752599
0.02599428125812321
0.02599428125812321
0.024679170779861797
0.02467308166790032
0.0246669955599408
0.02369106846718787
0.023674242424242424
0.023668639053254437
0.038910505836575876
0.038880248833592534
0.038910505836575876
0.0414765657403567
0.0414765657403567
0.041407867494824016
0.036778227289444645
0.03679175864606328
0.03683241252302026
0.026659557451346308
0.026659557451346308
0.02664535038635758
0.024218939210462583
0.024218939210462583
0.0242306760358614
0.031162355874104083
0.031162355874104083
0.03115264797507788
0.023618327822390175
0.023612750885478158
0.023618327822390175
0.0449034575662326
0.04488330341113106
0.0449034575662326
0.04299226139294927
0.042973785990545764
0.042973785990545764
0.028368794326241134
0.028368794326241134
0.02835270768358378
0.02501876407305479
0.02501876407305479
0.02501876407305479
0.038299502106472615
0.038314176245210725
0.038299502106472615
0.05002501250625312
0.04992511233150274
0.049800796812749
0.058997050147492625
0.05868544600938967
0.05892751915144372
0.061312078479460456
0.06119951040391677
0.06116207951070336
0.06165228113440197
0.06142506142506143
0.06184291898577613
0.06422607578676943
0.06406149903907751
0.06435006435006435
0.061124694376528114
0.06093845216331505
0.06105006105006105
0.06042296072507553
0.06038647342995169
0.060459492140266025
0.0697350069735007
0.06958942240779402
0.0697350069735007
0.06165228113440197
0.06165228113440197
0.06153846153846154
0.07374631268436578
0.07390983000739099
0.07374631268436578
0.06631299734748011
0.06640106241699867
0.06609385327164574
0.06402048655569782
0.06406149903907751
0.06426735218508997
0.06626905235255136
0.06622516556291391
0.06613756613756613
0.07704160246533127
0.07698229407236336
0.07698229407236336
0.0681663258350375
0.0681663258350375
0.06821282401091405
0.05813953488372093
0.05820721769499418
0.05810575246949448
0.076103500761035
0.07616146230007616
0.07598784194528875
0.07047216349541931
0.07042253521126761
0.07042253521126761
0.06578947368421052
0.06587615283267458
0.06583278472679395
0.07256894049346879
0.07262164124909223
0.07256894049346879
0.0522466039707419
0.0522466039707419
0.052273915316257184
0.10141987829614604
0.10141987829614604
0.10121457489878542
0.06872852233676977
0.06858710562414266
0.06839945280437756
0.06459948320413436
0.06443298969072164
0.06426735218508997
0.0681663258350375
0.06802721088435375
0.06793478260869565
0.0764525993883792
0.07662835249042145
0.07639419404125286
0.06997900629811056
0.06983240223463687
0.06968641114982578
0.06684491978609626
0.06711409395973154
0.06702412868632708
0.059880239520958084
0.05980861244019139
0.05973715651135006
0.047036688617121354
0.047058823529411764
0.047103155911446065
0.06583278472679395
0.06583278472679395
0.06583278472679395
0.06743088334457181
0.06734006734006734
0.06743088334457181
0.07513148009015777
0.07513148009015777
0.07524454477050414
0.06997900629811056
0.06997900629811056
0.06988120195667366
0.06609385327164574
0.06609385327164574
0.06609385327164574
0.07072135785007072
0.07087172218284904
0.07077140835102619
0.06097560975609756
0.06116207951070336
0.06101281269066504
0.08285004142502071
0.08291873963515754
0.08298755186721991
0.0648508430609598
0.06489292667099286
0.06480881399870382
0.06285355122564425
0.06285355122564425
0.06269592476489028
0.07178750897343862
0.07199424046076314
0.07178750897343862
0.056211354693648116
0.05630630630630631
0.05630630630630631
0.08244023083264633
0.08210180623973727
0.08223684210526316
0.05920663114268798
0.05924170616113744
0.05920663114268798
0.07656967840735068
0.07656967840735068
0.07662835249042145
0.07272727272727272
0.07283321194464676
0.07272727272727272
0.07818608287724785
0.078125
0.0779423226812159
0.06472491909385113
0.06443298969072164
0.0643915003219575