
1.5625
1.7857142857142858
1.0204081632653061
0.03568879371877231
0.03589375448671931
0.035523978685612786
0.01665833749791771
0.016655562958027982
0.0166472448809722
0.0164257555847569
0.016414970453053186
0.016412276382734285
0.030665440049064702
0.030646644192460926
0.030646644192460926
0.023174971031286212
0.023185717597959656
0.023185717597959656
0.04291845493562232
0.0429000429000429
0.04280821917808219
0.04688232536333802
0.04675081813931744
0.046707146193367584
0.027540622418066648
0.027525461051472612
0.02755580049600441
0.023781212841854936
0.02377555872563005
0.02376425855513308
0.02838489923360772
0.028368794326241134
0.02838489923360772
0.030220610456331218
0.030220610456331218
0.030229746070133012
0.03125976867771178
0.031269543464665414
0.03125
0.04734848484848485
0.0474158368895211
0.04728132387706856
0.0423908435777872
0.0423908435777872
0.0423908435777872
0.03688675765400221
0.03688675765400221
0.03692762186115214
0.031191515907673113
0.031201248049921998
0.031181789834736514
0.026816840976133013
0.02679528403001072
0.02680246582685607
0.04306632213608958
0.04306632213608958
0.04304778303917348
0.03225806451612903
0.03225806451612903
0.03222687721559781
0.04405286343612335
0.04399472063352398
0.04397537379067722
0.041220115416323165
0.04116920543433512
0.041220115416323165
0.029922202274087373
0.029913251570445706
0.029895366218236172
0.02707092582566324
0.02707092582566324
0.02707092582566324
0.02703433360367667
0.02703433360367667
0.02703433360367667
0.027107617240444564
0.027085590465872156
0.0270929287455974
0.028735632183908046
0.028727377190462512
0.02871088142405972
0.05012531328320802
0.05015045135406219
0.05012531328320802
0.047103155911446065
0.047080979284369114
0.046992481203007516
0.027793218454697052
0.027777777777777776
0.027793218454697052
0.027005130974885227
0.02702702702702703
0.02699055330634278
0.046860356138706656
0.04666355576294914
0.046468401486988845
0.029832935560859187
0.02994908655286014
0.02987750224081267
0.026253609871357313
0.026260504201680673
0.026253609871357313
0.04208754208754209
0.04208754208754209
0.04205214465937763
0.04833252779120348
0.04833252779120348
0.048355899419729204
0.026860059092130004
0.026867275658248254
0.026860059092130004
0.028910089621277824
0.028910089621277824
0.028901734104046242
0.029086678301337987
0.029086678301337987
0.02906131938390003
0.03374957813027337
0.033783783783783786
0.0337609723160027
0.03355704697986577
0.03354579000335458
0.0335345405767941
0.04006410256410257
0.040096230954290296
0.040048057669203045
0.0419639110365086
0.0419639110365086
0.041928721174004195
0.029231218941829874
0.029248318221702253
0.029248318221702253
0.027442371020856202
0.027442371020856202
0.027434842249657063
0.02599428125812321
0.02598752598752599
0.02599428125812321
0.02467308166790032
0.024685262898049863
0.02465483234714004
0.023685457129322594
0.023685457129322594
0.023696682464454975
0.038880248833592534
0.0388651379712398
0.038880248833592534
0.04149377593360996
0.0414765657403567
0.041425020712510356
0.036778227289444645
0.036778227289444645
0.03683241252302026
0.026652452025586353
0.026659557451346308
0.026652452025586353
0.024218939210462583
0.02422480620155039
0.02422480620155039
0.03115264797507788
0.03115264797507788
0.03115264797507788
0.023623907394283016
0.023618327822390175
0.023623907394283016
0.0449034575662326
0.04488330341113106
0.04488330341113106
0.04299226139294927
0.0429553264604811
0.042973785990545764
0.02836074872376631
0.028368794326241134
0.028376844494892167
0.02501876407305479
0.02501250625312656
0.02501876407305479
0.038299502106472615
0.038314176245210725
0.038299502106472615
0.05
0.05
0.049800796812749
0.05889281507656066
0.05868544600938967
0.05889281507656066
0.06116207951070336
0.06146281499692686
0.061312078479460456
0.06157635467980296
0.06157635467980296
0.06142506142506143
0.06430868167202572
0.0643915003219575
0.06418485237483953
0.06097560975609756
0.06097560975609756
0.06108735491753207
0.060350030175015085
0.06038647342995169
0.060496067755595885
0.0697350069735007
0.0697350069735007
0.06958942240779402
0.06180469715698393
0.06165228113440197
0.06150061500615006
0.07374631268436578
0.07390983000739099
0.07347538574577517
0.06640106241699867
0.06631299734748011
0.06622516556291391
0.06406149903907751
0.06422607578676943
0.06414368184733804
0.06626905235255136
0.06622516556291391
0.066006600660066
0.07704160246533127
0.07727975270479134
0.07674597083653108
0.0681663258350375
0.0681198910081744
0.06830601092896176
0.05813953488372093
0.058173356602675974
0.05813953488372093
0.076103500761035
0.07616146230007616
0.076103500761035
0.07042253521126761
0.07032348804500703
0.0702247191011236
0.06583278472679395
0.06596306068601583
0.06578947368421052
0.07241129616220131
0.07267441860465117
0.07262164124909223
0.052328623757195186
0.05219206680584551
0.052273915316257184
0.10141987829614604
0.10111223458038422
0.10101010101010101
0.06854009595613433
0.0687757909215956
0.06868131868131869
0.06447453255963895
0.06451612903225806
0.06430868167202572
0.06802721088435375
0.0681198910081744
0.06798096532970768
0.0764525993883792
0.07627765064836003
0.07651109410864575
0.06997900629811056
0.07012622720897616
0.06978367062107467
0.06684491978609626
0.06711409395973154
0.06688963210702341
0.059880239520958084
0.05980861244019139
0.05973715651135006
0.047036688617121354
0.047058823529411764
0.047058823529411764
0.06583278472679395
0.06587615283267458
0.06587615283267458
0.06743088334457181
0.06729475100942127
0.06729475100942127
0.07513148009015777
0.07530120481927711
0.07524454477050414
0.06997900629811056
0.0700280112044818
0.06993006993006994
0.06609385327164574
0.06609385327164574
0.06609385327164574
0.07087172218284904
0.0706713780918728
0.07072135785007072
0.06119951040391677
0.06097560975609756
0.06101281269066504
0.08291873963515754
0.08298755186721991
0.08285004142502071
0.0648508430609598
0.06480881399870382
0.0648508430609598
0.06285355122564425
0.06289308176100629
0.06285355122564425
0.07178750897343862
0.07173601147776183
0.07168458781362007
0.05611672278338945
0.05630630630630631
0.056338028169014086
0.08264462809917356
0.08250825082508251
0.08216926869350863
0.05920663114268798
0.05920663114268798
0.05917159763313609
0.07656967840735068
0.07662835249042145
0.0764525993883792
0.07278020378457059
0.07283321194464676
0.07272727272727272
0.07818608287724785
0.078125
0.0778816199376947
0.0646830530401035
0.06451612903225806
0.06447453255963895