
15.627314814814815
13.451293340671436
13.535725938009788
13.22353889560661
13.833499928602027
13.73159111933395
14.858871147088912
13.971312302414743
15.51879907621247
15.677550406259405
15.922755025039447
15.362393111462026
17.570158143355926
19.492088095127933
20.144916791852822
19.726942561275422
19.344730986251292
21.00334011529332
19.40347396331235
21.936938419962413
22.375248538011697
23.35236441477179
25.524481066972765
27.282983134133545
26.00397155779573
27.982604945370902
29.425493111309347
30.769954083343936
32.24405458089669
33.79882487911051
30.518026901294498
32.69108913787555
33.616130125381225
35.99699330972058
35.395356950763905
37.99256682473787
39.514470052957414
35.857163223925994
40.031943916842216
43.489488407214814
41.608173719026446
43.42776408244034
40.354444235941706
40.44956008621603
41.50955623000574
42.79692461142049
41.4193193028609
45.45887445887446