
Mon Jan 01 01:47:41 CET 2018 [ 1 0 0 0 0 0 0 0 0 0 0 0 
Tue Jan 02 00:03:07 CET 2018 [ 2 3 20 13 8 7 32 137 120 161 114 94 
Wed Jan 03 00:00:04 CET 2018 [ 92 70 227 130 84 96 303 674 813 670 784 539 
Thu Jan 04 00:00:01 CET 2018 [ 444 295 255 145 77 104 344 781 941 931 1100 939 
Fri Jan 05 00:00:13 CET 2018 [ 554 422 283 130 104 132 358 767 776 633 699 425 
Sat Jan 06 00:00:02 CET 2018 [ 330 500 421 236 113 153 510 1077 1314 938 1286 862 
Sun Jan 07 00:02:47 CET 2018 [ 481 342 292 155 108 95 298 546 395 204 119 60 
Mon Jan 08 00:01:54 CET 2018 [ 49 29 27 19 16 18 47 196 287 208 126 142 
Tue Jan 09 00:00:06 CET 2018 [ 94 137 179 109 53 79 283 824 896 996 754 1020 
Wed Jan 10 00:00:55 CET 2018 [ 691 559 370 202 101 101 379 1000 1310 1113 563 662 
Thu Jan 11 00:00:01 CET 2018 [ 388 320 246 128 67 72 233 631 916 588 630 811 
Fri Jan 12 00:00:34 CET 2018 [ 505 337 247 135 61 89 449 926 1159 890 568 485 
Sat Jan 13 00:00:10 CET 2018 [ 447 354 475 228 139 157 465 823 866 983 712 465 
Sun Jan 14 00:00:11 CET 2018 [ 342 286 383 236 111 120 308 511 294 136 179 365 
Mon Jan 15 00:01:19 CET 2018 [ 279 220 195 120 84 61 142 416 592 400 172 91 
Tue Jan 16 00:00:45 CET 2018 [ 88 103 169 87 59 63 187 473 602 468 306 215 
Wed Jan 17 00:01:13 CET 2018 [ 254 421 322 178 97 94 346 886 985 947 749 325 
Thu Jan 18 00:00:01 CET 2018 [ 126 150 181 96 57 86 314 980 1013 1202 865 524 
Fri Jan 19 00:00:55 CET 2018 [ 273 184 102 47 27 32 63 157 204 283 200 268 
Sat Jan 20 00:00:21 CET 2018 [ 227 167 278 146 91 94 383 836 905 753 563 513 
Sun Jan 21 00:00:01 CET 2018 [ 367 254 373 212 114 125 330 490 257 359 405 469 
Mon Jan 22 00:01:36 CET 2018 [ 406 358 269 185 96 84 174 290 494 524 320 218 
Tue Jan 23 00:00:03 CET 2018 [ 88 245 322 128 72 100 401 695 939 1001 704 497 
Wed Jan 24 00:00:02 CET 2018 [ 481 472 359 163 92 117 361 1060 1173 940 704 576 
Thu Jan 25 00:00:00 CET 2018 [ 496 409 392 210 118 149 537 953 991 917 728 532 
Fri Jan 26 00:00:03 CET 2018 [ 360 549 412 194 117 156 498 935 1119 956 969 862 
Sat Jan 27 00:00:59 CET 2018 [ 635 829 674 308 191 191 589 808 815 539 445 374 
Sun Jan 28 00:00:01 CET 2018 [ 299 236 197 113 74 86 152 389 475 208 162 229 
Mon Jan 29 00:00:07 CET 2018 [ 241 303 225 111 40 30 88 313 385 298 207 192 
Tue Jan 30 00:00:01 CET 2018 [ 96 259 298 158 93 115 428 1019 1280 1015 779 456 
Wed Jan 31 00:00:20 CET 2018 [ 707 733 478 245 134 159 452 911 1295 765 479 467 
Thu Feb 01 00:00:58 CET 2018 [ 442 304 223 102 43 32 130 216 256 216 119 56 
Fri Feb 02 00:00:20 CET 2018 [ 37 84 117 120 62 84 361 691 736 667 631 541 
Sat Feb 03 00:00:05 CET 2018 [ 404 438 425 262 148 173 624 1290 1339 997 1002 702 
Sun Feb 04 00:02:19 CET 2018 [ 518 319 358 238 124 122 321 543 491 356 352 335 
Mon Feb 05 00:00:00 CET 2018 [ 234 225 187 66 56 51 179 420 413 274 177 223 
Tue Feb 06 00:00:06 CET 2018 [ 104 147 285 169 89 76 297 1005 1373 1218 930 1021 
Wed Feb 07 00:00:00 CET 2018 [ 610 321 259 138 88 102 368 886 902 710 606 893 
Thu Feb 08 00:00:06 CET 2018 [ 515 451 278 144 93 99 454 1015 1029 876 647 451 
Fri Feb 09 00:00:11 CET 2018 [ 283 333 346 131 108 134 465 824 999 659 544 523 
Sat Feb 10 00:00:07 CET 2018 [ 477 493 359 236 121 149 367 658 681 596 583 651 
Sun Feb 11 00:00:37 CET 2018 [ 509 366 490 284 151 155 490 840 482 372 244 291 
Mon Feb 12 00:00:11 CET 2018 [ 343 429 337 237 112 118 242 470 560 293 276 457 
Tue Feb 13 00:00:31 CET 2018 [ 302 269 247 141 70 93 371 885 911 1037 866 609 
Wed Feb 14 00:00:00 CET 2018 [ 410 437 294 183 79 87 369 799 1155 1063 872 747 
Thu Feb 15 00:00:01 CET 2018 [ 536 374 293 165 67 91 275 733 1190 1235 876 1048 
Fri Feb 16 00:00:05 CET 2018 [ 530 501 480 298 148 169 680 1411 1473 936 704 930 
Sat Feb 17 00:00:02 CET 2018 [ 609 455 377 281 186 198 667 1236 1307 1018 1238 839 
Sun Feb 18 00:00:03 CET 2018 [ 429 299 341 227 153 137 388 665 543 221 246 542 
Mon Feb 19 00:04:14 CET 2018 [ 450 473 398 213 124 141 297 595 539 226 82 56 
Tue Feb 20 00:01:14 CET 2018 [ 55 213 212 141 72 77 264 578 568 404 187 168 
Wed Feb 21 00:00:00 CET 2018 [ 57 280 248 151 87 106 380 926 1157 1064 817 746 
Thu Feb 22 00:00:04 CET 2018 [ 613 491 369 233 126 126 525 1205 1474 965 696 755 
Fri Feb 23 00:00:14 CET 2018 [ 573 313 420 259 133 138 458 863 1290 849 564 422 
Sat Feb 24 00:00:07 CET 2018 [ 343 410 480 318 158 191 754 1397 1798 1240 1085 746 
Sun Feb 25 00:00:11 CET 2018 [ 493 280 250 145 83 90 226 387 392 172 207 324 
Mon Feb 26 00:00:52 CET 2018 [ 307 332 218 147 102 73 239 480 516 383 211 142 
Tue Feb 27 00:00:07 CET 2018 [ 92 283 275 162 76 108 417 900 1254 1035 700 420 
Wed Feb 28 00:00:37 CET 2018 [ 619 644 501 280 171 164 564 990 1155 773 636 992 
Thu Mar 01 00:09:14 CET 2018 [ 704 389 327 177 79 123 320 420 428 335 260 102 
Fri Mar 02 00:06:06 CET 2018 [ 48 85 36 18 5 7 10 27 51 90 35 22 
Sat Mar 03 00:11:30 CET 2018 [ 15 14 5 3 5 2 5 30 20 16 12 13 
Sun Mar 04 00:03:39 CET 2018 [ 9 10 9 3 2 2 5 11 17 12 14 6 
Mon Mar 05 00:34:21 CET 2018 [ 11 4 0 5 1 1 7 14 11 9 17 6 
Tue Mar 06 00:13:15 CET 2018 [ 8 2 3 4 0 0 5 7 8 5 12 5 
Wed Mar 07 00:07:56 CET 2018 [ 5 5 6 4 0 1 5 19 29 29 20 10 
Thu Mar 08 01:42:16 CET 2018 [ 7 8 3 6 4 1 2 2 12 6 9 0 
Fri Mar 09 00:39:14 CET 2018 [ 1 0 2 0 0 0 5 16 12 17 5 1 
Sat Mar 10 02:45:01 CET 2018 [ 2 5 5 1 0 1 1 1 1 3 6 4 
Sun Mar 11 00:51:29 CET 2018 [ 1 0 0 1 0 0 0 0 1 3 1 2 
Mon Mar 12 01:33:46 CET 2018 [ 1 1 1 0 0 0 1 1 1 1 1 1 
Tue Mar 13 02:50:52 CET 2018 [ 0 1 2 0 0 2 0 2 6 4 2 1 
Wed Mar 14 03:18:04 CET 2018 [ 0 5 2 2 0 0 1 2 0 1 2 2 
Thu Mar 15 00:28:10 CET 2018 [ 1 0 1 0 0 0 1 1 3 2 0 1 
Fri Mar 16 00:20:30 CET 2018 [ 3 0 0 0 0 0 0 1 13 3 0 2 
Sat Mar 17 04:38:28 CET 2018 [ 3 2 1 0 0 0 1 1 0 0 0 0 
Sun Mar 18 02:20:13 CET 2018 [ 0 1 0 0 0 0 0 1 0 0 0 0 
Mon Mar 19 01:47:13 CET 2018 [ 1 0 0 0 0 1 0 1 1 0 1 0 
Tue Mar 20 02:36:00 CET 2018 [ 0 2 1 1 0 0 0 2 0 5 0 1 
Wed Mar 21 01:19:50 CET 2018 [ 1 1 0 0 0 0 0 1 1 2 1 0 
Thu Mar 22 08:55:43 CET 2018 [ 0 1 0 0 2 0 1 1 0 1 0 0 
Fri Mar 23 01:05:06 CET 2018 [ 1 0 0 0 0 0 1 3 1 0 0 1 
Sat Mar 24 00:41:07 CET 2018 [ 2 2 0 0 1 0 2 0 6 5 6 1 
Sun Mar 25 03:15:37 CEST 2018 [ 1 2 1 0 0 0 0 0 0 1 0 1 
Mon Mar 26 03:30:42 CEST 2018 [ 0 2 0 0 0 1 0 1 2 1 2 2 
Tue Mar 27 00:56:40 CEST 2018 [ 0 1 0 0 0 0 0 5 2 0 1 2 
Wed Mar 28 00:02:28 CEST 2018 [ 1 8 3 0 0 1 0 3 4 1 1 1 
Thu Mar 29 00:27:15 CEST 2018 [ 6 1 0 1 1 1 0 1 3 0 2 4 
Fri Mar 30 03:53:39 CEST 2018 [ 1 3 1 0 0 0 0 2 3 2 1 0 
Sat Mar 31 15:08:02 CEST 2018 [ 0 0 1 0 0 0 0 2 0 0 0 0 
Sun Apr 01 16:11:01 CEST 2018 [ 0 0 0 1 0 0 0 2 1 1 0 2 
Mon Apr 02 16:38:47 CEST 2018 [ 1 1 0 0 0 0 0 2 0 2 0 0 
Tue Apr 03 14:25:11 CEST 2018 [ 0 1 0 0 0 0 1 0 2 2 0 3 
Wed Apr 04 13:49:03 CEST 2018 [ 0 1 0 1 0 0 1 3 5 1 0 1 
Thu Apr 05 14:34:46 CEST 2018 [ 1 0 0 0 0 1 1 3 1 0 1 0 
Fri Apr 06 13:45:44 CEST 2018 [ 0 1 1 0 0 0 1 2 1 1 0 2 
Sat Apr 07 16:49:13 CEST 2018 [ 1 0 1 0 0 0 0 1 0 0 1 0 
Sun Apr 08 12:47:56 CEST 2018 [ 0 0 0 0 0 1 0 0 0 0 0 0 
Mon Apr 09 14:12:10 CEST 2018 [ 0 0 0 0 0 0 1 1 0 0 0 0 
Tue Apr 10 16:20:38 CEST 2018 [ 0 0 0 1 0 0 0 3 1 1 0 1 
Wed Apr 11 14:48:52 CEST 2018 [ 0 0 0 9 11 1 1 0 1 0 1 0 
Thu Apr 12 20:10:20 CEST 2018 [ 0 2 1 0 0 0 0 3 0 2 1 1 
Fri Apr 13 16:10:27 CEST 2018 [ 0 0 0 0 0 0 0 1 0 0 0 1 
Sat Apr 14 20:10:47 CEST 2018 [ 0 0 0 0 0 0 0 0 1 2 0 1 
Sun Apr 15 17:55:14 CEST 2018 [ 0 0 0 0 0 0 0 0 1 0 0 0 
Mon Apr 16 16:31:05 CEST 2018 [ 1 1 0 1 0 0 0 1 0 1 0 0 
Tue Apr 17 13:27:49 CEST 2018 [ 1 0 0 1 0 0 1 0 1 1 0 1 
Wed Apr 18 15:02:49 CEST 2018 [ 0 0 1 0 0 0 0 3 2 1 1 2 