
Mon Jan 01 01:47:41 CET 2018 [ 1 0 0 0 0 0 0 0 0 0 0 0 
Tue Jan 02 00:03:07 CET 2018 [ 2 3 20 13 8 7 32 137 120 161 114 94 
Wed Jan 03 00:00:04 CET 2018 [ 95 73 247 143 92 103 335 811 933 831 898 633 
Thu Jan 04 00:00:01 CET 2018 [ 538 368 502 288 169 207 679 1592 1874 1762 1998 1572 
Fri Jan 05 00:00:13 CET 2018 [ 1094 790 785 418 273 339 1037 2359 2650 2395 2697 1997 
Sat Jan 06 00:00:02 CET 2018 [ 1411 1290 1206 654 386 492 1547 3436 3964 3333 3983 2859 
Sun Jan 07 00:02:47 CET 2018 [ 1890 1632 1498 809 494 587 1845 3982 4359 3537 4102 2919 
Mon Jan 08 00:01:54 CET 2018 [ 1937 1661 1525 828 510 605 1892 4178 4646 3745 4228 3061 
Tue Jan 09 00:00:06 CET 2018 [ 2036 1798 1704 937 563 684 2175 5002 5542 4741 4982 4081 
Wed Jan 10 00:00:55 CET 2018 [ 2723 2357 2074 1139 664 785 2554 6002 6852 5854 5545 4743 
Thu Jan 11 00:00:01 CET 2018 [ 2666 2382 2065 1122 654 753 2443 5852 6827 5511 5075 4615 
Fri Jan 12 00:00:34 CET 2018 [ 3166 2719 2312 1257 715 842 2892 6778 7986 6401 5643 5100 
Sat Jan 13 00:00:10 CET 2018 [ 3284 2573 2366 1249 741 846 2847 6524 7538 6446 5069 4703 
Sun Jan 14 00:00:11 CET 2018 [ 3628 2859 2749 1485 852 966 3155 7035 7832 6582 5248 5068 
Mon Jan 15 00:01:19 CET 2018 [ 3847 3050 2917 1586 920 1009 3250 7255 8137 6774 5294 5017 
Tue Jan 16 00:00:45 CET 2018 [ 3850 3013 2887 1551 918 986 3122 6767 7723 6085 4732 4118 
Wed Jan 17 00:01:13 CET 2018 [ 4103 3434 3209 1729 1015 1080 3468 7653 8708 7032 5481 4443 
Thu Jan 18 00:00:01 CET 2018 [ 3849 3264 3144 1697 1005 1094 3549 8002 8805 7646 5716 4156 
Fri Jan 19 00:00:55 CET 2018 [ 4121 3448 3246 1744 1032 1126 3612 8159 9009 7929 5916 4424 
Sat Jan 20 00:00:21 CET 2018 [ 3903 3261 3049 1662 984 1063 3530 8172 9048 7699 5767 4472 
Sun Jan 21 00:00:01 CET 2018 [ 4270 3515 3422 1874 1098 1188 3860 8662 9305 8058 6172 4941 
Mon Jan 22 00:01:36 CET 2018 [ 4674 3873 3691 2059 1194 1272 4034 8952 9799 8582 6492 5159 
Tue Jan 23 00:00:03 CET 2018 [ 4673 4015 3844 2100 1207 1309 4248 9174 10136 9115 6890 5441 
Wed Jan 24 00:00:02 CET 2018 [ 5154 4487 4203 2263 1299 1426 4609 10234 11309 10055 7594 6017 
Thu Jan 25 00:00:00 CET 2018 [ 5652 4896 4595 2473 1417 1575 5146 11187 12300 10972 8322 6549 
Fri Jan 26 00:00:03 CET 2018 [ 6013 5445 5007 2667 1534 1731 5644 12122 13419 11928 9291 7411 
Sat Jan 27 00:00:59 CET 2018 [ 6420 6107 5403 2829 1634 1828 5850 12094 13329 11714 9173 7272 
Sun Jan 28 00:00:01 CET 2018 [ 5513 5461 4552 2339 1375 1574 5066 10936 12858 11223 8632 6607 
Mon Jan 29 00:00:07 CET 2018 [ 5754 5764 4777 2450 1415 1604 5154 11249 13243 11521 8839 6799 
Tue Jan 30 00:00:01 CET 2018 [ 5771 5778 4753 2480 1436 1619 5181 11573 13584 11535 8914 6758 
Wed Jan 31 00:00:20 CET 2018 [ 6496 6511 5231 2725 1570 1778 5633 12484 14879 12300 9393 7225 
Thu Feb 01 00:00:58 CET 2018 [ 6277 6256 4881 2521 1438 1575 4912 10767 13131 10397 7919 6225 
Fri Feb 02 00:00:20 CET 2018 [ 4617 4848 3954 2135 1191 1250 3905 8673 10609 8302 6114 4726 
Sat Feb 03 00:00:05 CET 2018 [ 5021 5286 4379 2397 1339 1423 4529 9963 11948 9299 7116 5428 
Sun Feb 04 00:02:19 CET 2018 [ 5537 5605 4737 2635 1463 1545 4850 10506 12439 9655 7468 5763 
Mon Feb 05 00:00:00 CET 2018 [ 4839 4949 4235 2285 1299 1421 4625 9907 11381 8707 6946 5485 
Tue Feb 06 00:00:06 CET 2018 [ 4945 5096 4520 2454 1388 1497 4922 10912 12754 9925 7876 6506 
Wed Feb 07 00:00:00 CET 2018 [ 3317 3162 3023 1674 968 1032 3449 7267 8080 6200 5203 4830 
Thu Feb 08 00:00:06 CET 2018 [ 3832 3613 3301 1818 1061 1131 3903 8282 9109 7076 5850 5281 
Fri Feb 09 00:00:11 CET 2018 [ 4077 3862 3530 1829 1107 1181 4007 8415 9372 7068 5763 5263 
Sat Feb 10 00:00:07 CET 2018 [ 3509 3088 2790 1495 889 966 3161 6975 7899 6128 4899 4838 
Sun Feb 11 00:00:37 CET 2018 [ 4017 3454 3280 1779 1040 1121 3651 7815 8381 6500 5143 5129 
Mon Feb 12 00:00:11 CET 2018 [ 4124 3658 3430 1950 1096 1188 3714 7865 8528 6519 5242 5363 
Tue Feb 13 00:00:31 CET 2018 [ 4429 3927 3677 2091 1166 1281 4085 8750 9439 7556 6108 5972 
Wed Feb 14 00:00:00 CET 2018 [ 4232 4043 3712 2136 1157 1266 4086 8663 9692 7909 6374 5826 
Thu Feb 15 00:00:01 CET 2018 [ 4769 4417 4005 2301 1224 1357 4361 9396 10882 9144 7250 6874 
Fri Feb 16 00:00:05 CET 2018 [ 5013 4585 4139 2468 1264 1392 4576 9983 11356 9421 7410 7281 
Sat Feb 17 00:00:02 CET 2018 [ 5142 4547 4157 2513 1329 1441 4876 10561 11982 9843 8065 7469 
Sun Feb 18 00:00:03 CET 2018 [ 5572 4846 4498 2740 1482 1578 5264 11226 12525 10064 8311 8011 
Mon Feb 19 00:04:14 CET 2018 [ 5676 4890 4559 2716 1494 1601 5319 11351 12504 9997 8117 7610 
Tue Feb 20 00:01:14 CET 2018 [ 5241 4428 3941 2389 1314 1394 4487 9020 9508 7131 5729 5692 
Wed Feb 21 00:00:00 CET 2018 [ 5299 4708 4189 2540 1401 1500 4867 9946 10665 8195 6546 6438 
Thu Feb 22 00:00:04 CET 2018 [ 5915 5199 4558 2773 1527 1626 5392 11151 12139 9160 7242 7193 
Fri Feb 23 00:00:14 CET 2018 [ 5944 5011 4498 2734 1512 1595 5170 10603 11956 9073 7102 6685 
Sat Feb 24 00:00:07 CET 2018 [ 5669 4966 4601 2771 1484 1588 5257 10764 12447 9295 6949 6592 
Sun Feb 25 00:00:11 CET 2018 [ 6159 5246 4851 2916 1567 1678 5483 11151 12839 9467 7156 6916 
Mon Feb 26 00:00:52 CET 2018 [ 6014 5105 4671 2850 1545 1610 5425 11036 12816 9624 7285 7002 
Tue Feb 27 00:00:07 CET 2018 [ 6056 5175 4734 2871 1549 1641 5578 11358 13502 10255 7798 7254 
Wed Feb 28 00:00:37 CET 2018 [ 6678 5819 5235 3151 1720 1805 6142 12348 14657 11028 8434 8246 
Thu Mar 01 00:09:14 CET 2018 [ 5297 4588 4399 2684 1470 1580 5078 9599 11136 8071 6356 6038 
Fri Mar 02 00:06:06 CET 2018 [ 4785 4360 4015 2443 1342 1449 4630 8763 9897 7312 5827 5638 
Sat Mar 03 00:11:30 CET 2018 [ 4800 4374 4020 2446 1347 1451 4635 8793 9917 7328 5839 5651 
Sun Mar 04 00:03:39 CET 2018 [ 2557 2884 2393 1442 764 863 3063 5980 7551 6011 4642 3936 
Mon Mar 05 00:34:21 CET 2018 [ 2568 2888 2393 1447 765 864 3070 5994 7562 6020 4659 3942 
Tue Mar 06 00:13:15 CET 2018 [ 2493 2607 2121 1289 689 756 2658 5101 6316 4990 3971 3527 
Wed Mar 07 00:07:56 CET 2018 [ 2498 2612 2127 1293 689 757 2663 5120 6345 5019 3991 3537 
Thu Mar 08 01:42:16 CET 2018 [ 2505 2620 2130 1299 693 758 2665 5122 6357 5025 4000 3537 
Fri Mar 09 00:39:14 CET 2018 [ 2458 2535 2096 1281 688 751 2660 5111 6318 4952 3970 3516 
Sat Mar 10 02:45:01 CET 2018 [ 2460 2540 2101 1282 688 752 2661 5112 6319 4955 3976 3520 
Sun Mar 11 00:51:29 CET 2018 [ 2453 2528 2092 1280 686 750 2656 5101 6303 4946 3963 3516 
Mon Mar 12 01:33:46 CET 2018 [ 2454 2529 2093 1280 686 750 2657 5102 6304 4947 3964 3517 
Tue Mar 13 02:50:52 CET 2018 [ 2446 2528 2092 1276 686 752 2652 5097 6302 4946 3954 3513 
Wed Mar 14 03:18:04 CET 2018 [ 1367 1166 1045 660 349 394 1335 2365 2806 2018 1611 1020 
Thu Mar 15 00:28:10 CET 2018 [ 668 768 716 477 266 270 1014 1944 2369 1679 1342 919 
Fri Mar 16 00:20:30 CET 2018 [ 671 768 716 477 266 270 1014 1945 2382 1682 1342 921 
Sat Mar 17 04:38:28 CET 2018 [ 674 770 717 477 266 270 1015 1946 2382 1682 1342 921 
Sun Mar 18 02:20:13 CET 2018 [ 674 771 716 476 266 270 1015 1947 2381 1679 1341 919 
Mon Mar 19 01:47:13 CET 2018 [ 675 771 716 476 266 271 1015 1948 2382 1679 1342 919 
Tue Mar 20 02:36:00 CET 2018 [ 675 773 717 477 266 271 1015 1950 2382 1684 1342 920 
Wed Mar 21 01:19:50 CET 2018 [ 676 769 715 475 266 271 1014 1949 2383 1685 1341 918 
Thu Mar 22 08:55:43 CET 2018 [ 676 770 715 475 268 271 1015 1950 2383 1686 1341 918 
Fri Mar 23 01:05:06 CET 2018 [ 674 770 713 475 267 271 1011 1936 2359 1666 1336 916 
Sat Mar 24 00:41:07 CET 2018 [ 676 772 713 475 268 271 1013 1936 2365 1671 1342 917 
Sun Mar 25 03:15:37 CEST 2018 [ 677 774 714 475 268 271 1013 1936 2365 1672 1342 918 
Mon Mar 26 03:30:42 CEST 2018 [ 359 437 495 323 165 197 766 1441 1838 1280 1114 771 
Tue Mar 27 00:56:40 CEST 2018 [ 358 435 492 322 165 195 766 1442 1834 1271 1113 771 
Wed Mar 28 00:02:28 CEST 2018 [ 359 443 495 322 165 196 766 1445 1838 1272 1114 772 
Thu Mar 29 00:27:15 CEST 2018 [ 365 444 495 323 166 197 766 1446 1841 1272 1116 776 
Fri Mar 30 03:53:39 CEST 2018 [ 359 445 495 322 164 196 764 1445 1838 1271 1115 772 
Sat Mar 31 15:08:02 CEST 2018 [ 4 13 6 0 0 2 1 18 13 7 6 8 
Sun Apr 01 16:11:01 CEST 2018 [ 2 12 5 1 0 2 1 18 14 7 6 9 
Mon Apr 02 16:38:47 CEST 2018 [ 3 13 5 0 0 1 1 18 12 8 4 7 
Tue Apr 03 14:25:11 CEST 2018 [ 2 12 5 0 0 1 2 12 12 10 3 8 
Wed Apr 04 13:49:03 CEST 2018 [ 2 13 5 1 0 1 3 15 17 11 3 9 
Thu Apr 05 14:34:46 CEST 2018 [ 3 13 5 1 0 2 4 18 18 11 4 9 
Fri Apr 06 13:45:44 CEST 2018 [ 1 12 5 1 0 1 3 15 15 10 3 10 
Sat Apr 07 16:49:13 CEST 2018 [ 2 12 6 1 0 1 3 16 15 10 4 10 
Sun Apr 08 12:47:56 CEST 2018 [ 1 12 5 1 0 2 3 14 14 9 4 8 
Mon Apr 09 14:12:10 CEST 2018 [ 1 12 5 1 0 2 4 15 14 9 4 8 
Tue Apr 10 16:20:38 CEST 2018 [ 1 12 5 2 0 2 3 18 13 8 4 6 
Wed Apr 11 14:48:52 CEST 2018 [ 0 2 2 10 11 2 3 10 4 4 3 3 
Thu Apr 12 20:10:20 CEST 2018 [ 0 4 3 10 11 2 3 13 4 6 4 4 
Fri Apr 13 16:10:27 CEST 2018 [ 0 2 2 10 11 2 3 12 3 3 4 3 
Sat Apr 14 20:10:47 CEST 2018 [ 0 2 2 10 11 2 3 12 4 5 4 4 
Sun Apr 15 17:55:14 CEST 2018 [ 0 2 2 10 11 2 3 12 5 4 4 4 
Mon Apr 16 16:31:05 CEST 2018 [ 1 3 2 11 11 2 3 13 5 5 4 4 
Tue Apr 17 13:27:49 CEST 2018 [ 2 3 2 12 11 2 4 13 6 6 4 5 
Wed Apr 18 15:02:49 CEST 2018 [ 2 3 3 12 11 2 4 16 8 7 5 7 