
Mon Jan 01 01:47:41 CET 2018 [ 1 0 0 0 0 0 0 0 0 0 0 0 
Tue Jan 02 00:03:07 CET 2018 [ 3 3 20 13 8 7 32 137 120 161 114 94 
Wed Jan 03 00:00:04 CET 2018 [ 95 73 247 143 92 103 335 811 933 831 898 633 
Thu Jan 04 00:00:01 CET 2018 [ 539 368 502 288 169 207 679 1592 1874 1762 1998 1572 
Fri Jan 05 00:00:13 CET 2018 [ 1094 790 785 418 273 339 1037 2359 2650 2395 2697 1997 
Sat Jan 06 00:00:02 CET 2018 [ 876 868 923 524 282 360 1189 2669 3188 2700 3284 2434 
Sun Jan 07 00:02:47 CET 2018 [ 1355 1210 1215 679 390 455 1487 3215 3583 2904 3403 2494 
Mon Jan 08 00:01:54 CET 2018 [ 913 897 950 543 298 378 1236 2865 3475 2908 3410 2576 
Tue Jan 09 00:00:06 CET 2018 [ 1011 1034 1129 652 351 457 1519 3689 4371 3904 4164 3596 
Wed Jan 10 00:00:55 CET 2018 [ 1699 1593 1499 854 452 558 1898 4689 5681 5017 4727 4258 
Thu Jan 11 00:00:01 CET 2018 [ 2004 1843 1518 852 435 534 1828 4646 5784 4935 4573 4530 
Fri Jan 12 00:00:34 CET 2018 [ 2505 2180 1765 987 496 623 2277 5572 6943 5825 5141 5015 
Sat Jan 13 00:00:10 CET 2018 [ 2952 2534 2240 1215 635 780 2742 6395 7809 6808 5853 5480 
Sun Jan 14 00:00:11 CET 2018 [ 3296 2820 2623 1451 746 900 3050 6906 8103 6944 6032 5845 
Mon Jan 15 00:01:19 CET 2018 [ 3571 3040 2818 1571 830 961 3192 7322 8695 7344 6204 5936 
Tue Jan 16 00:00:45 CET 2018 [ 3612 3114 2960 1639 873 1006 3332 7599 9010 7604 6384 6009 
Wed Jan 17 00:01:13 CET 2018 [ 3865 3535 3282 1817 970 1100 3678 8485 9995 8551 7133 6334 
Thu Jan 18 00:00:01 CET 2018 [ 3995 3685 3463 1913 1027 1186 3992 9465 11008 9753 7998 6858 
Fri Jan 19 00:00:55 CET 2018 [ 4266 3869 3565 1960 1054 1218 4055 9622 11212 10036 8198 7126 
Sat Jan 20 00:00:21 CET 2018 [ 4491 4036 3843 2106 1145 1312 4438 10458 12117 10789 8761 7639 
Sun Jan 21 00:00:01 CET 2018 [ 4861 4290 4216 2318 1259 1437 4768 10948 12374 11148 9166 8108 
Mon Jan 22 00:01:36 CET 2018 [ 5262 4648 4485 2503 1355 1521 4942 11238 12868 11672 9486 8326 
Tue Jan 23 00:00:03 CET 2018 [ 5352 4893 4807 2631 1427 1621 5343 11933 13807 12673 10190 8823 
Wed Jan 24 00:00:02 CET 2018 [ 5832 5365 5166 2794 1519 1738 5704 12993 14980 13613 10894 9399 
Thu Jan 25 00:00:00 CET 2018 [ 6332 5774 5558 3004 1637 1887 6241 13946 15971 14530 11622 9931 
Fri Jan 26 00:00:03 CET 2018 [ 6692 6323 5970 3198 1754 2043 6739 14881 17090 15486 12591 10793 
Sat Jan 27 00:00:59 CET 2018 [ 7324 7152 6644 3506 1945 2234 7328 15689 17905 16025 13036 11167 
Sun Jan 28 00:00:01 CET 2018 [ 7297 6888 6420 3383 1906 2167 6970 15001 17066 15295 11912 10534 
Mon Jan 29 00:00:07 CET 2018 [ 7533 7191 6645 3494 1946 2197 7058 15314 17451 15593 12119 10726 
Tue Jan 30 00:00:01 CET 2018 [ 7631 7450 6943 3652 2039 2312 7486 16333 18731 16608 12898 11182 
Wed Jan 31 00:00:20 CET 2018 [ 8356 8183 7421 3897 2173 2471 7938 17244 20026 17373 13377 11649 
Thu Feb 01 00:00:58 CET 2018 [ 8779 8487 7644 3999 2216 2503 8068 17460 20282 17589 13496 11705 
Fri Feb 02 00:00:20 CET 2018 [ 8375 8276 7506 3974 2201 2483 8085 17370 20077 17325 13027 11307 
Sat Feb 03 00:00:05 CET 2018 [ 8778 8714 7931 4236 2349 2656 8709 18660 21416 18322 14029 12009 
Sun Feb 04 00:02:19 CET 2018 [ 9299 9033 8289 4474 2473 2778 9030 19203 21907 18678 14381 12344 
Mon Feb 05 00:00:00 CET 2018 [ 9529 9258 8476 4540 2529 2829 9209 19623 22320 18952 14558 12567 
Tue Feb 06 00:00:06 CET 2018 [ 9636 9405 8761 4709 2618 2905 9506 20628 23693 20170 15488 13588 
Wed Feb 07 00:00:00 CET 2018 [ 10212 9639 8883 4714 2636 2916 9481 20686 23739 20052 15349 13846 
Thu Feb 08 00:00:06 CET 2018 [ 10728 10090 9161 4858 2729 3015 9935 21701 24768 20928 15996 14297 
Fri Feb 09 00:00:11 CET 2018 [ 10489 10104 9149 4751 2713 3027 10079 21982 25276 21231 16188 14485 
Sat Feb 10 00:00:07 CET 2018 [ 10730 10372 9321 4921 2778 3125 10267 22220 25544 21553 16594 14913 
Sun Feb 11 00:00:37 CET 2018 [ 11243 10738 9811 5205 2929 3280 10757 23060 26026 21925 16838 15204 
Mon Feb 12 00:00:11 CET 2018 [ 10971 10846 9889 5304 2953 3296 10631 22644 25684 21508 16508 14768 
Tue Feb 13 00:00:31 CET 2018 [ 11279 11115 10136 5445 3023 3389 11002 23529 26595 22545 17374 15377 
Wed Feb 14 00:00:00 CET 2018 [ 11688 11552 10430 5628 3102 3476 11371 24328 27750 23608 18246 16124 
Thu Feb 15 00:00:01 CET 2018 [ 12228 11926 10723 5793 3169 3567 11646 25061 28940 24843 19122 17172 
Fri Feb 16 00:00:05 CET 2018 [ 12754 12427 11203 6091 3317 3736 12326 26472 30413 25779 19826 18102 
Sat Feb 17 00:00:02 CET 2018 [ 13359 12882 11580 6372 3503 3934 12993 27708 31720 26797 21064 18941 
Sun Feb 18 00:00:03 CET 2018 [ 13791 13181 11921 6599 3656 4071 13381 28373 32263 27018 21310 19483 
Mon Feb 19 00:04:14 CET 2018 [ 14238 13654 12319 6812 3780 4212 13678 28968 32802 27244 21392 19539 
Tue Feb 20 00:01:14 CET 2018 [ 13781 13416 12253 6809 3759 4190 13488 28531 32341 26772 20932 19256 
Wed Feb 21 00:00:00 CET 2018 [ 13842 13696 12501 6960 3846 4296 13868 29457 33498 27836 21749 20002 
Thu Feb 22 00:00:04 CET 2018 [ 14455 14187 12870 7193 3972 4422 14393 30662 34972 28801 22445 20757 
Fri Feb 23 00:00:14 CET 2018 [ 15030 14500 13290 7452 4105 4560 14851 31525 36262 29650 23009 21179 
Sat Feb 24 00:00:07 CET 2018 [ 15369 14910 13770 7770 4263 4751 15605 32922 38060 30890 24094 21925 
Sun Feb 25 00:00:11 CET 2018 [ 15859 15190 14020 7915 4346 4841 15831 33309 38452 31062 24301 22249 
Mon Feb 26 00:00:52 CET 2018 [ 16167 15522 14238 8062 4448 4914 16070 33789 38968 31445 24512 22391 
Tue Feb 27 00:00:07 CET 2018 [ 16260 15805 14513 8224 4524 5022 16487 34689 40222 32480 25212 22811 
Wed Feb 28 00:00:37 CET 2018 [ 16882 16449 15014 8504 4695 5186 17051 35679 41377 33253 25848 23803 
Thu Mar 01 00:09:14 CET 2018 [ 17183 16400 14916 8419 4626 5136 16747 34809 40466 32591 25106 23203 
Fri Mar 02 00:06:06 CET 2018 [ 17226 16485 14952 8437 4631 5143 16757 34836 40517 32681 25141 23225 
Sat Mar 03 00:11:30 CET 2018 [ 17241 16499 14957 8440 4636 5145 16762 34866 40537 32697 25153 23238 
Sun Mar 04 00:03:39 CET 2018 [ 17151 16362 14681 8274 4549 5071 16470 33872 39181 31491 24237 22223 
Mon Mar 05 00:34:21 CET 2018 [ 17162 16366 14681 8279 4550 5072 16477 33886 39192 31500 24254 22229 
Tue Mar 06 00:13:15 CET 2018 [ 17170 16368 14684 8283 4550 5072 16482 33893 39200 31505 24266 22234 
Wed Mar 07 00:07:56 CET 2018 [ 17175 16373 14690 8287 4550 5073 16487 33912 39229 31534 24286 22244 
Thu Mar 08 01:42:16 CET 2018 [ 17182 16381 14693 8293 4554 5074 16489 33914 39241 31540 24295 22244 
Fri Mar 09 00:39:14 CET 2018 [ 17173 16371 14686 8290 4552 5072 16489 33919 39236 31545 24286 22239 
Sat Mar 10 02:45:01 CET 2018 [ 17175 16376 14691 8291 4552 5073 16490 33920 39237 31548 24292 22243 
Sun Mar 11 00:51:29 CET 2018 [ 17168 16374 14688 8288 4552 5073 16485 33913 39230 31546 24281 22240 
Mon Mar 12 01:33:46 CET 2018 [ 17169 16375 14689 8288 4552 5073 16486 33914 39231 31547 24282 22241 
Tue Mar 13 02:50:52 CET 2018 [ 17162 16368 14688 8282 4548 5074 16484 33914 39225 31545 24275 22242 
Wed Mar 14 03:18:04 CET 2018 [ 17109 16288 14654 8266 4543 5067 16475 33889 39174 31456 24242 22222 
Thu Mar 15 00:28:10 CET 2018 [ 17096 16274 14650 8263 4538 5065 16471 33860 39157 31442 24230 22210 
Fri Mar 16 00:20:30 CET 2018 [ 17099 16274 14650 8263 4538 5065 16471 33861 39170 31445 24230 22212 
Sat Mar 17 04:38:28 CET 2018 [ 17102 16276 14651 8263 4538 5065 16472 33862 39170 31445 24230 22212 
Sun Mar 18 02:20:13 CET 2018 [ 17102 16277 14651 8263 4538 5065 16472 33863 39170 31445 24230 22212 
Mon Mar 19 01:47:13 CET 2018 [ 17103 16277 14651 8263 4538 5066 16472 33864 39171 31445 24231 22212 
Tue Mar 20 02:36:00 CET 2018 [ 17103 16279 14652 8264 4538 5066 16472 33866 39171 31450 24231 22213 
Wed Mar 21 01:19:50 CET 2018 [ 17104 16280 14652 8264 4538 5066 16472 33867 39172 31452 24232 22213 
Thu Mar 22 08:55:43 CET 2018 [ 17104 16281 14652 8264 4540 5066 16473 33868 39172 31453 24232 22213 
Fri Mar 23 01:05:06 CET 2018 [ 17105 16281 14652 8264 4540 5066 16474 33871 39173 31453 24232 22214 
Sat Mar 24 00:41:07 CET 2018 [ 17107 16283 14652 8264 4541 5066 16476 33871 39179 31458 24238 22215 
Sun Mar 25 03:15:37 CEST 2018 [ 17108 16285 14653 8264 4541 5066 16476 33871 39179 31459 24238 22216 
Mon Mar 26 03:30:42 CEST 2018 [ 17103 16282 14647 8260 4541 5066 16471 33853 39152 31431 24220 22208 
Tue Mar 27 00:56:40 CEST 2018 [ 17103 16283 14647 8260 4541 5066 16471 33858 39154 31431 24221 22210 
Wed Mar 28 00:02:28 CEST 2018 [ 17104 16291 14650 8260 4541 5067 16471 33861 39158 31432 24222 22211 
Thu Mar 29 00:27:15 CEST 2018 [ 17110 16292 14650 8261 4542 5068 16471 33862 39161 31432 24224 22215 
Fri Mar 30 03:53:39 CEST 2018 [ 17111 16295 14651 8261 4542 5068 16471 33864 39164 31434 24225 22215 
Sat Mar 31 15:08:02 CEST 2018 [ 17100 16291 14652 8256 4541 5067 16464 33852 39153 31425 24208 22209 
Sun Apr 01 16:11:01 CEST 2018 [ 17100 16291 14652 8257 4541 5067 16464 33854 39154 31426 24208 22211 
Mon Apr 02 16:38:47 CEST 2018 [ 17101 16292 14652 8257 4541 5067 16464 33856 39154 31428 24208 22211 
Tue Apr 03 14:25:11 CEST 2018 [ 17101 16293 14652 8257 4541 5067 16465 33856 39156 31430 24208 22214 
Wed Apr 04 13:49:03 CEST 2018 [ 17101 16294 14652 8258 4541 5067 16466 33859 39161 31431 24208 22215 
Thu Apr 05 14:34:46 CEST 2018 [ 17102 16294 14652 8258 4541 5068 16467 33862 39162 31431 24209 22215 
Fri Apr 06 13:45:44 CEST 2018 [ 17102 16294 14653 8258 4541 5068 16467 33861 39158 31431 24209 22216 
Sat Apr 07 16:49:13 CEST 2018 [ 17103 16294 14654 8258 4541 5068 16467 33862 39158 31431 24210 22216 
Sun Apr 08 12:47:56 CEST 2018 [ 17102 16294 14654 8258 4541 5068 16466 33860 39157 31430 24210 22214 
Mon Apr 09 14:12:10 CEST 2018 [ 17102 16294 14654 8258 4541 5068 16467 33861 39157 31430 24210 22214 
Tue Apr 10 16:20:38 CEST 2018 [ 17101 16294 14653 8259 4541 5068 16467 33863 39158 31431 24210 22215 
Wed Apr 11 14:48:52 CEST 2018 [ 17101 16294 14653 8267 4552 5069 16468 33861 39159 31429 24211 22215 
Thu Apr 12 20:10:20 CEST 2018 [ 17101 16296 14654 8267 4552 5069 16468 33864 39159 31431 24212 22216 
Fri Apr 13 16:10:27 CEST 2018 [ 17101 16296 14654 8267 4552 5069 16468 33865 39159 31431 24212 22217 
Sat Apr 14 20:10:47 CEST 2018 [ 17101 16296 14654 8267 4552 5069 16468 33865 39160 31433 24212 22218 
Sun Apr 15 17:55:14 CEST 2018 [ 17101 16296 14654 8267 4552 5069 16468 33865 39161 31433 24212 22218 
Mon Apr 16 16:31:05 CEST 2018 [ 17102 16297 14654 8268 4552 5069 16468 33866 39161 31434 24212 22218 
Tue Apr 17 13:27:49 CEST 2018 [ 17103 16297 14654 8269 4552 5069 16469 33866 39162 31435 24212 22219 
Wed Apr 18 15:02:49 CEST 2018 [ 17103 16297 14655 8269 4552 5069 16469 33869 39164 31436 24213 22221 