
16.0
17.407876230661042
6.816030363920518
6.756565497719767
6.088380015140046
5.930611190076237
5.81389337641357
5.993991416309012
5.867441002949852
5.877872340425532
5.72255369928401
5.869424030080328
5.798234139960758
5.815290519877676
5.891453299675442
5.780496453900709
5.643825838686652
5.6530210940293175
5.778018408229562
5.696363636363636
5.861821086261981
5.743559718969555
5.657214506172839
5.758186010760953
5.792133084577115
5.644179523141655
5.726519768713861
5.554368561617703
5.664747017688194
5.70894526034713
5.967902682104646
5.727018198786747
5.588420542635659
5.673626232867939
5.6279126808928135
5.50538492221779
5.78054231227652
5.730533832029922
5.719623078194743
5.737509321401939
5.712047743379336
5.630160427807486
5.694394213381555
5.701706014130622
5.651463790446841
5.651713124274099
5.640087251575376
5.669992872416251
5.644476258649487
5.658875904284919
5.656133197417601
5.7326683291770575
5.733606557377049
5.593322734499205
5.6615901455767075
5.664588119461766
5.792063492063492
5.640769903762029
5.617745163442295
5.649017467248909
5.777777777777778
6.2
6.16
6.441860465116279
6.067796610169491
5.7368421052631575
6.05
5.813559322033898
6.133333333333334
6.444444444444445
7.333333333333333
6.55
6.235294117647059
6.5
5.454545454545454
6.625
8.0
6.2
6.25
6.857142857142857
6.5
6.0
6.16
6.833333333333333
6.7272727272727275
6.090909090909091
6.391304347826087
6.45
5.769230769230769
6.666666666666667
6.285714285714286
6.333333333333333
6.555555555555555
6.384615384615385
6.375
6.333333333333333
6.5
7.0
6.5
6.142857142857143
6.166666666666667
6.3
7.0
6.25
6.0
7.6
6.666666666666667
6.2