
16.0
7.077247191011236
6.730537586437653
6.541594590344394
5.6528409090909095
5.42165094948973
5.33688975105076
5.537735849056604
5.3627487103905676
5.3712583345155345
5.210296163784536
5.363729683490162
5.3358915741345525
5.310165339865279
5.392702312138728
5.334041799504074
5.082470546233488
5.140228653090389
5.319609967497292
5.124596122778676
5.3168264110756125
5.281442392260335
5.125818882466281
5.229503153361021
5.255583126550868
5.101335207308503
5.280981403344272
5.009531071292414
5.171063478977741
5.199866533199867
5.517509157509157
5.237248479176415
5.141785627873215
5.1834956432598664
5.091443981367982
5.04274870155813
5.269127716582316
5.175059544062607
5.180886243386244
5.188781215057771
5.183597390493942
5.091939277314518
5.202433341962205
5.188747419132828
5.114915933981181
5.132878303804821
5.133639995157971
5.108747325885429
5.144630071599045
5.121693121693122
5.14867617107943
5.209511140671766
5.2113960867266
5.065141404512234
5.113302700885352
5.134338138925295
5.244515103338633
5.109945813668939
5.053495197438634
5.130601092896175
5.519813519813519
6.064285714285714
6.089108910891089
6.458823529411765
6.084745762711864
5.518796992481203
6.033333333333333
5.762711864406779
6.2
6.444444444444445
7.333333333333333
6.6
6.176470588235294
6.5
5.545454545454546
6.625
8.0
6.2
6.25
6.857142857142857
6.666666666666667
6.0
5.92
6.833333333333333
6.7272727272727275
6.0
6.391304347826087
6.45
5.769230769230769
6.666666666666667
6.285714285714286
6.333333333333333
6.222222222222222
6.384615384615385
6.125
6.444444444444445
6.5
7.0
7.0
6.0
6.125
6.3
7.0
6.25
6.0
7.8
6.5
6.3