
15.0
5.911516853932584
5.602275262101272
5.554804214499135
5.0621212121212125
4.923841487027237
4.8056365403304175
5.015424164524422
4.860880781278791
4.877145694424741
4.760484993043133
4.846535500427716
4.810744611365121
4.84123585194249
4.9291139240506325
4.861140630534892
4.697965012495537
4.712142857142857
4.884261763115197
4.754598746715181
4.837679616817456
4.8061014960398944
4.720616570327553
4.83610086100861
4.860046547711404
4.700421348314607
4.775414451047857
4.644927536231884
4.723754631535611
4.741908575241909
4.974058332111974
4.811506080449018
4.696661828737301
4.736127130590798
4.716070553650171
4.6461415433826465
4.824895771292436
4.784560448903248
4.80066170388751
4.787737607156169
4.735655737704918
4.705605477107403
4.788561076604555
4.757700912063328
4.712633040259139
4.7448105675714904
4.734197142165173
4.708447190210289
4.7475519465010745
4.709273182957394
4.738968092328581
4.810640066500415
4.788611441405734
4.702131043256998
4.7203987901870725
4.746719160104987
4.865818759936407
4.7145603915399406
4.687566702241195
4.689071038251366
4.897435897435898
5.3
5.1683168316831685
5.517647058823529
5.186440677966102
4.804511278195489
5.116666666666666
4.88135593220339
5.033333333333333
5.222222222222222
6.333333333333333
5.45
5.235294117647059
5.2
4.818181818181818
5.5
7.0
5.2
5.25
5.857142857142857
5.166666666666667
5.0
5.04
5.666666666666667
5.545454545454546
5.0
5.260869565217392
5.3
4.769230769230769
5.333333333333333
5.428571428571429
5.166666666666667
5.555555555555555
5.461538461538462
5.125
5.333333333333333
5.25
6.0
5.0
5.142857142857143
5.333333333333333
5.3
5.5
5.0
5.0
6.6
5.666666666666667
5.2