
0.2127659574468085
0.04253509145044662
0.013995801259622114
0.013287270794578794
0.027677830058123444
0.021743857360295715
0.04314063848144953
0.04387889425186485
0.026954177897574125
0.0242306760358614
0.03109452736318408
0.029403116730373418
0.02987750224081267
0.04591368227731864
0.03979307600477517
0.041999160016799666
0.029779630732578916
0.02877697841726619
0.04299226139294927
0.03184713375796178
0.041911148365465216
0.03785011355034065
0.02959455460195324
0.02627430373095113
0.02675943270002676
0.02523977788995457
0.028376844494892167
0.04551661356395084
0.04692632566870014
0.02641310089804543
0.02262443438914027
0.046146746654360866
0.03263707571801567
0.024372410431391666
0.03996802557953637
0.04452359750667854
0.024894199651481205
0.027662517289073305
0.02803476310625175
0.03289473684210526
0.031486146095717885
0.03840245775729647
0.039525691699604744
0.02812939521800281
0.02699055330634278
0.026483050847457626
0.023435669088352474
0.023998080153587713
0.040032025620496396
0.038910505836575876
0.03965107057890563
0.027389756231169543
0.023986567522187575
0.03050640634533252
0.023348120476301658
0.04524886877828054
0.04399472063352398
0.02901915264074289
0.026455026455026454
0.04033884630899556
0.04849660523763336
0.05970149253731343
0.06119951040391677
0.05995203836930456
0.06426735218508997
0.06325110689437065
0.06150061500615006
0.06868131868131869
0.06176652254478073
0.07390983000739099
0.06635700066357
0.0641025641025641
0.0657030223390276
0.07704160246533127
0.06830601092896176
0.058173356602675974
0.07621951219512195
0.07042253521126761
0.06596306068601583
0.07256894049346879
0.052273915316257184
0.1017293997965412
0.06872852233676977
0.0645577792123951
0.06802721088435375
0.07651109410864575
0.0700280112044818
0.06675567423230974
0.05991611743559017
0.047036688617121354
0.06578947368421052
0.06743088334457181
0.07524454477050414
0.06993006993006994
0.06609385327164574
0.07102272727272728
0.06090133982947625
0.0831255195344971
0.06493506493506493
0.06277463904582549
0.07178750897343862
0.056179775280898875
0.08237232289950576
0.05920663114268798
0.07651109410864575
0.07267441860465117
0.07818608287724785
0.06435006435006435