
3.7037037037037037
0.0357653791130186
0.013995801259622114
0.013287270794578794
0.02767017155506364
0.02174858634188778
0.04306632213608958
0.043936731107205626
0.026954177897574125
0.024242424242424242
0.031084861672365557
0.029394473838918283
0.029886431560071727
0.04589261128958238
0.039761431411530816
0.04206983592763988
0.02977076510866329
0.028768699654775604
0.043010752688172046
0.03183699458771092
0.041928721174004195
0.03785011355034065
0.02959455460195324
0.02627430373095113
0.026737967914438502
0.02525890376357666
0.028376844494892167
0.04551661356395084
0.04692632566870014
0.02641310089804543
0.02262443438914027
0.046125461254612546
0.03262642740619902
0.0243842965130456
0.03996802557953637
0.04452359750667854
0.024888003982080638
0.02767017155506364
0.02803476310625175
0.03289473684210526
0.031486146095717885
0.038461538461538464
0.03949447077409163
0.0281214848143982
0.026983270372369132
0.026490066225165563
0.023435669088352474
0.02399232245681382
0.040048057669203045
0.038895371450797356
0.039666798889329634
0.027389756231169543
0.02399232245681382
0.030497102775236352
0.023348120476301658
0.045207956600361664
0.04401408450704225
0.02902757619738752
0.026455026455026454
0.04033884630899556
0.048473097430925836
0.05970149253731343
0.06119951040391677
0.05977286312014345
0.06451612903225806
0.06317119393556538
0.06157635467980296
0.06863417982155114
0.06180469715698393
0.07390983000739099
0.06631299734748011
0.06414368184733804
0.06561679790026247
0.07716049382716049
0.06825938566552901
0.05820721769499418
0.07621951219512195
0.07042253521126761
0.06596306068601583
0.07256894049346879
0.052273915316257184
0.1017293997965412
0.06872852233676977
0.06451612903225806
0.06807351940095303
0.07651109410864575
0.06983240223463687
0.06684491978609626
0.05995203836930456
0.047014574518100614
0.06591957811470006
0.0673854447439353
0.07524454477050414
0.06993006993006994
0.06609385327164574
0.07102272727272728
0.06090133982947625
0.0831255195344971
0.06493506493506493
0.06273525721455459
0.07183908045977011
0.056179775280898875
0.08237232289950576
0.05920663114268798
0.07651109410864575
0.07262164124909223
0.07818608287724785
0.0643915003219575