
3.7037037037037037
0.03577817531305903
0.013995801259622114
0.013287270794578794
0.027677830058123444
0.021743857360295715
0.04314063848144953
0.043898156277436345
0.02693965517241379
0.0242306760358614
0.03110419906687403
0.029394473838918283
0.029886431560071727
0.04589261128958238
0.039824771007566706
0.041999160016799666
0.02976190476190476
0.028793550244745177
0.042973785990545764
0.03183699458771092
0.041928721174004195
0.03785011355034065
0.02959455460195324
0.02627430373095113
0.026737967914438502
0.025271670457417236
0.02836074872376631
0.04551661356395084
0.04692632566870014
0.02641310089804543
0.02262443438914027
0.046104195481788846
0.0326477309826967
0.02437835202340322
0.03998400639744103
0.04450378282153983
0.024894199651481205
0.02767017155506364
0.028019052956010086
0.03290556103981573
0.031496062992125984
0.0384172109104879
0.039525691699604744
0.028113578858588697
0.026975991367682764
0.026490066225165563
0.023430178069353328
0.024009603841536616
0.040032025620496396
0.038910505836575876
0.03965107057890563
0.027389756231169543
0.02399232245681382
0.030497102775236352
0.023348120476301658
0.04524886877828054
0.04399472063352398
0.02901915264074289
0.026455026455026454
0.04033884630899556
0.048473097430925836
0.05970149253731343
0.06119951040391677
0.059844404548174746
0.06447453255963895
0.06317119393556538
0.06153846153846154
0.06863417982155114
0.06180469715698393
0.07390983000739099
0.06631299734748011
0.06414368184733804
0.06548788474132286
0.07733952049497293
0.06825938566552901
0.05820721769499418
0.07616146230007616
0.07047216349541931
0.06591957811470006
0.07262164124909223
0.052273915316257184
0.1017293997965412
0.06872852233676977
0.06451612903225806
0.06807351940095303
0.07651109410864575
0.06983240223463687
0.06693440428380187
0.059880239520958084
0.047080979284369114
0.06578947368421052
0.06729475100942127
0.07535795026375283
0.06993006993006994
0.06609385327164574
0.07102272727272728
0.06090133982947625
0.0831255195344971
0.06493506493506493
0.06269592476489028
0.07189072609633357
0.056179775280898875
0.08237232289950576
0.05920663114268798
0.07651109410864575
0.07256894049346879
0.0782472613458529
0.06435006435006435